4 0.00014829635620117188 2.929642751054232e-14
104 0.02459096908569336 3.0525232867371416e-11
204 0.09891104698181152 2.820588776589561e-11
304 0.2165391445159912 6.762699737092642e-11
404 0.39233875274658203 1.1428425008273245e-10
504 0.6312501430511475 1.7487343668548897e-10
604 0.9519391059875488 3.5948000633584313e-10
704 1.4316043853759766 3.37384340748538e-10
804 1.8633348941802979 8.767414716271828e-10
904 2.480029821395874 2.058455369557573e-09
1004 3.2631900310516357 1.8066613305022396e-08
1104 4.1355321407318115 1.1062663840134818e-08
1204 5.117475271224976 1.1156355350898634e-09
1304 6.055124998092651 2.8629481900811273e-09
1404 7.214456081390381 3.80702035106718e-09
1504 8.192110776901245 3.6362943135865327e-08
1604 9.919310092926025 1.5185958901912204e-09
1704 11.630993127822876 2.481715848560879e-09
1804 13.594823837280273 1.6250816687697845e-09
1904 14.999459028244019 5.194137283381545e-09
2004 17.566933393478394 2.09538591152468e-09
2104 19.585587978363037 1.0550414520863668e-07
2204 22.469127893447876 9.740476522516061e-09
2304 24.374269008636475 8.717104652895025e-09
2404 29.735296964645386 2.7206184577582734e-09
2504 36.59835982322693 7.013010423695407e-09
