4 0.00014090538024902344 4.440892098500626e-16
104 0.08314132690429688 1.3748704699859473e-13
204 0.5281729698181152 1.8543403478648444e-13
304 1.668903112411499 2.449989753506343e-13
404 3.8531270027160645 7.588165340696539e-13
504 7.3970842361450195 4.8937445430688835e-12
604 12.70802617073059 1.4417964997259893e-12
704 20.278976917266846 1.394158171342213e-12
804 30.43249201774597 1.0001131680255805e-12
904 43.230714082717896 3.0659632269579077e-12
1004 58.9400372505188 1.6298865649562715e-12
1104 77.45286870002747 3.14965641459416e-12
