      -7.658708       5.764500
      -6.272558      22.862164
      -6.858177      11.083481
       0.706882      45.982580
      -6.264154      14.825975
      -5.691996      20.687269
       0.894024      40.057314
       2.001339      59.581538
      -4.200103      29.466566
      -2.438673      31.783056
      -1.578073       0.470767
       3.376695      56.777711
      -3.042416      27.190047
      -3.924174      30.011167
       0.302936      52.432919
      -6.876737       3.403564
      -4.987492       1.969949
      -5.560145      20.154516
      -6.473781      15.461491
      -5.889251      21.158951
      -2.969227      31.504911
      -8.084685       3.719917
      -1.716804      51.306071
      -0.162647      43.204507
      -2.255975      35.597318
      -0.140086      42.530468
       3.368240      57.717416
      -0.049715       0.002876
      -3.114516      35.037935
       0.578977      47.901170
      -0.164865      44.571253
      -7.203863       7.519097
      -0.002448      48.797683
      -4.358252      28.278286
      -0.274397      42.132325
      -3.183779      33.007324
      -0.296546      38.368569
      -3.759337      30.902975
       2.053296      54.573517
      -0.486801      50.224047
      -6.702774       2.947201
       0.423640      43.814040
      -1.534115      51.922883
       0.377625      49.733966
       1.511617      46.752608
       1.347140      46.673078
      -3.095692       2.801715
       3.257659      57.918528
      -8.349476       4.453817
      -6.311687      13.722123
       1.297480      61.113848
       2.933894      56.088655
      -5.729030      13.278030
       1.507521      54.382246
      -6.968424       8.208030
       0.359511      41.501339
      -7.867356       6.614528
      -0.529332      45.489636
      -7.055898      16.425044
      -4.178255      24.433366
      -4.360836      25.499458
       1.470523      53.523943
      -6.309918      19.756023
      -5.720452      17.432780
      -6.644766      10.117546
      -5.384436      23.254398
      -4.656599      29.116505
       0.246635      45.582662
       1.381364      47.743117
      -4.899279      24.046983
       2.576636      58.396646
       0.154089      52.265086
      -4.616977       2.638904
      -3.761361      26.545123
      -3.449828      33.657243
      -0.237820      49.016146
      -7.055578      16.270888
      -1.377970       1.339454
      -3.836619      26.267784
      -3.703672      25.034420
      -0.939807       0.403184
      -6.442165       2.034173
      -6.045370      22.002065
       0.299449      38.706388
      -0.711011      37.997127
      -3.926849      27.609825
      -6.586760      11.645525
      -6.669374       8.595307
      -8.057863       5.099691
      -1.011732      50.672739
      -5.951750       1.983286
      -0.810737      37.491640
       0.773593      40.710004
       0.000000       0.000000
       0.745963      39.535812
      -3.977277       2.961691
      -5.854325      12.291769
      -1.987537      36.427820
      -2.196186      35.228259
      -1.852024       1.818374
       1.074700      52.946718
      -6.416205      17.077690
      -4.868343      18.690568
       0.802422      48.625181
      -7.815697       6.854576
      -6.507991      13.965798
       1.886637      60.399106
      -2.892547      34.319925
      -2.445849       2.486819
      -0.787718      52.014266
      -5.276376      18.928510
      -2.442969      32.463074
      -5.490845      17.948301
      -7.193820       9.302854
      -7.255333       3.856984
      -1.736440      37.263227
      -5.976547      19.190417
       2.456733      59.138525
