     -83.133298     -36.026545
     -21.348684       5.179008
      15.108095     -19.807835
     101.391454     104.481279
     -15.676635       9.207554
      -0.227815      -0.900193
     -66.902700     -27.250669
     -46.297354     -27.500659
     -43.406165     -15.483996
      -9.857061      -5.504065
     -27.246734      -1.759628
      -3.503746     -22.418222
    -107.533148     -40.895541
      64.527281      86.801844
       4.145047     -22.223509
     -81.101559     -19.139012
    -117.592914     -50.194000
      -6.009552       6.278764
     -49.826973     -28.251631
       2.514292      15.206097
      99.529284     103.781791
      66.196515      88.918572
      49.785249     -16.055148
     -56.831933     -28.655829
     -17.358425     -24.236791
      84.919113      22.297066
      85.750184      98.765967
      87.507052      28.070592
     -63.101072     -25.453000
     -21.704330      27.136003
      17.000188      55.782535
      -2.940198      16.786451
     111.901107     101.459205
     -18.801648      29.256060
      45.400524     -11.341085
     -29.531294     -25.814637
     -28.987967      21.088512
    -125.074145     -61.222600
      -1.785198      -8.570673
      82.576820      19.607857
     -31.779924       4.421959
       8.635189      49.774374
     -96.202701     -32.511727
      99.049915      48.017031
     -24.927839      15.270399
      -2.883710      -1.892347
    -120.229496     -51.312047
     -29.977131      11.673216
    -114.139914     -54.644457
     -20.690424      -7.230894
     -26.885242      23.339336
      68.082560      -2.043212
     -13.714277       5.432593
    -128.353696     -59.245688
       2.316437     -21.666805
     -11.991759      11.798363
      43.154672     -13.128960
     -25.340961      -3.777576
      -5.705809     -12.060865
     -32.367133      19.637831
     101.115749      52.096197
      28.062884     -17.095623
      -9.969874      14.033369
     -64.766384      -6.050995
    -114.892658     -47.981464
     -52.218154       3.009628
      91.575497      33.641093
     -28.941236       0.408729
     -15.211040      17.165159
     -11.358535      11.055271
     -88.105456     -25.557059
     -31.636503     -26.532883
    -115.093701     -54.432682
      56.552019      81.857148
      69.541227      90.189796
     -19.822216      11.109574
       9.565431      50.049420
      94.583060      38.910624
     -53.817340     -21.106654
       7.213326     -20.934928
       0.939172      -5.398050
     -34.459939     -11.526333
      47.087968      76.711835
      57.129174     -15.484243
     -14.491181      -2.014114
      37.597516      70.451462
     -10.104858      35.934933
      67.087639      89.145851
     114.550437      88.914092
       4.022513      46.128534
      -4.501006      39.701054
     107.690197      65.861009
     -22.758004      25.839183
     -58.490298     -28.815980
      79.537788      13.986422
      58.616394     -13.333615
     -76.142230     -32.284050
     -31.796335     -11.060752
     -85.908256     -22.648682
     -17.694302      -9.276961
     102.338938     104.227573
      74.192594       5.167928
      -4.669993      17.329050
     -47.276729     -17.962507
     -39.223277     -27.351506
      57.648907      83.198023
      39.502117     -13.760416
      81.954945      96.461604
      98.609772     103.830936
     -31.121158       3.708009
     -10.814521      -5.566841
      40.060358      71.470314
      -1.973662      16.818918
     -70.203097     -28.936409
     -61.279317     -28.839265
      41.457069      73.249006
      11.008511     -21.066429
    -102.714822     -36.574657
       0.615902      15.212897
     -62.177728     -29.179647
     -12.899872     -24.212516
     104.099165      58.042680
     -55.234780     -28.794556
     -47.961739       7.371838
     -84.499527     -22.061919
    -125.238757     -56.532154
      46.269943     -10.874335
      88.997991     100.532981
     -60.897721      -3.675913
    -101.846730     -46.611908
     -81.608722     -19.926631
     -38.655174     -26.643580
      -7.421187     -23.892237
      68.971004      89.405251
     -60.097161     -24.147508
     -18.946725     -25.137220
      75.518929      93.978442
    -114.714775     -47.011096
     -23.891314      -4.866969
      83.273691      97.598928
     105.299598      61.008999
      -6.231475       7.185199
     -43.961042       9.726153
      18.720337      56.633674
      -6.527361      17.431694
     113.613041      84.553412
     -22.403328      10.528612
     -34.767004      17.234684
     -53.179651       2.915440
     -19.158313       2.391593
     -32.151791       7.645453
      16.027557     -19.664796
      53.357783      80.114258
      -7.643855       8.319442
     -88.188966     -39.196130
     -64.393846     -26.458945
     -65.111444      -6.989243
       5.823560     -21.719743
     105.941297     104.448647
      -8.736625      -7.317777
     -33.563293     -11.639468
     106.449490      64.417598
     -18.422183      -8.662732
    -120.953889     -51.854476
      95.391265     102.531668
     -51.122392     -28.468247
      -3.583276      -0.298378
    -105.584016     -39.422513
     -77.769767     -33.193336
     -36.089578     -12.643787
      37.344599     -14.857325
     -65.778694     -29.415949
       1.614767      45.098276
     -62.412377      -4.829650
     -24.805077      24.492362
      64.904064      -6.268581
       3.399007      13.081298
     -10.281895     -11.561957
      -2.949273      -0.974323
      -8.822979      -8.295438
      -3.334207     -10.641139
    -126.610798     -58.360717
     -11.189739      17.448073
     111.709123      77.006965
      86.839876      26.323379
      85.768331      24.871361
     -80.208465     -34.781775
    -111.073749     -52.792267
     -11.658861      -4.873110
     -72.394070     -30.576858
    -128.610702     -62.760837
     -61.660926      -4.316972
    -100.221833     -46.141615
      -5.090600      39.005642
     -23.524370     -25.236400
     -40.213709     -13.939318
      23.315381      60.335329
      92.754461      35.735522
      27.921911      63.585326
     -12.507313      -4.036650
      92.328571     101.653912
     -44.822526     -16.684851
     -19.798664     -12.648912
      25.844052     -17.628738
     -19.598493     -10.938214
     -30.916421     -10.749578
     -30.484270      10.510497
     -97.861611     -33.220078
    -124.238424     -54.866873
     -14.550534     -24.209983
     -15.600533      31.488103
     -69.874423     -29.969749
     -39.773327     -26.551793
    -131.785451     -62.169309
    -118.489535     -50.565170
     -13.084125       7.155609
     105.783419      62.898149
    -107.140600     -50.125163
     108.025726      69.025276
      30.810123     -17.197585
     -45.650515     -17.025473
     -26.042251      23.647620
      34.270124     -15.905523
      -4.913313     -11.487609
      91.442207     101.834089
     113.336965      98.611299
      -7.796094      37.441462
     -14.473371      17.769897
     -17.185120     -14.883325
     109.429940     103.740552
      31.992650      65.450565
      35.290093      68.667153
     -74.887125     -14.079673
       9.698125      50.934595
      51.616218      79.608963
      53.840696      80.888347
      99.987562      50.628388
     -12.410024     -15.524798
     -54.787891       1.630271
     -23.029365       8.941357
     -90.514839     -26.530766
     -55.943575     -28.244794
     -11.346838      13.493792
     -18.622627       1.559807
      40.584253     -13.509930
      -2.781045      -9.913433
      31.480324     -16.533535
      58.338888      83.767640
      21.012322      59.183418
     -45.451478     -27.981872
      20.787290     -18.986840
     -95.595571     -43.446493
      59.131016      84.232161
      -7.696638      10.145326
      72.146885       2.442453
     -51.973225       3.926192
     -22.691260      -8.219977
     -98.764597     -33.538393
    -108.364153     -41.378384
     -29.971199     -10.586452
     113.598309      83.632689
    -101.793915     -36.395816
      -2.179939     -22.721596
      29.021640     -17.339250
      48.220759      -8.934139
     111.645547      79.815730
     -24.444515     -25.165452
      96.895479     103.469637
     -34.097694     -26.206392
      10.349469      51.654028
     -13.097753      34.100064
     -21.212551      15.779053
     -94.351805     -42.503094
     -18.559907      16.625966
      43.856214      74.166637
     -67.754639     -27.754578
     -14.707817     -10.936322
     -58.344029     -23.297069
      71.465540       1.731654
      -6.948961     -12.749925
     -27.703502     -25.178184
     103.319173      57.546722
      93.647953      38.810399
      54.791886      80.895205
     108.665295      69.766297
     -67.183235      -7.924791
     -54.595426     -21.645108
    -111.683453     -44.928975
     -89.613867     -40.273761
     -11.551373     -15.046724
     -41.103438      12.143105
      -0.657034      -6.205005
      89.308193      29.861734
     -12.983255      17.027046
     -50.025127       5.692244
       1.562136      -4.156606
      77.186195      94.293992
      -2.991796     -23.252938
      49.965265     -15.152578
      77.188791      11.491156
     -99.011687     -45.036396
      49.907441      -8.160267
     -22.634292       5.928451
       0.000000       0.000000
     -13.756752      -2.641902
      78.087083      94.571645
     -70.056070     -10.992993
     -17.318445     -10.132364
     -15.439667     -24.087588
     -16.397898     -24.147401
     -11.194877     -11.632180
     114.141934      95.309930
      62.112988      86.134395
      14.181415     -19.977623
     -11.392623      34.616188
     107.662762     103.983007
     -20.427520       3.672395
     -19.797426      -7.548796
     -76.522097     -15.982019
     -18.620034      10.458380
     -75.302678     -14.897760
     -80.228808     -18.797930
     -15.674457     -15.743292
    -113.935200     -46.393893
     -20.055348     -11.749907
      22.813351      59.525183
     -29.809432      20.659658
      -9.312588      36.483712
    -113.027325     -46.213774
      46.609544      75.885516
    -102.662564     -47.444700
      75.111687       7.504732
      80.975844      16.267532
      -1.217664      -1.768019
     103.012428      55.673723
     -63.834338     -29.468218
    -116.654264     -56.336236
      58.524968     -14.260081
     -30.411830       3.114806
      -3.887135      16.708733
     -25.888760      -2.984392
      74.497948      93.457787
      88.393265      28.206910
     -49.660621     -18.853166
    -125.954353     -57.172016
      64.057642      -7.622293
     -68.617593     -28.176774
      49.399990     -11.912563
    -129.263425     -63.390286
     -11.119472     -23.491520
     -17.667382      10.673155
    -121.279225     -52.721068
     -58.614378      -1.925369
      11.941835     -20.787633
     -78.681990     -33.567420
     -23.466634      25.271608
       2.402786      -2.506726
     -20.197719      28.293774
      82.037988      18.778958
    -105.335268     -49.636861
      88.792216      29.021366
    -116.397287     -55.413564
     -36.592971      15.434620
     -60.606330     -24.887256
    -116.904144     -49.580722
     114.487426      90.573139
      13.545145     -20.618733
       3.025049      -1.794049
     -42.000262     -14.586304
    -124.669144     -60.423891
     -29.350767      -9.865605
     -12.942612     -11.461193
     101.556189      52.885184
      56.794173      82.824518
    -131.091971     -63.910073
     -42.754070     -27.034931
     113.752432      97.751804
     -89.110927     -39.468959
     -44.822129       9.389901
     -25.771775      14.944920
     -20.223171     -10.262392
      24.326820     -18.694786
     -22.603601     -25.510027
     -32.123371       5.312308
       4.618728      10.858993
    -130.334150     -61.342033
     -57.500718     -22.802393
     -69.249294     -10.554058
      49.685168      -9.986659
      15.403885      54.727387
      45.682319      75.686750
      -8.380858      36.641633
    -109.291640     -52.150647
     -52.511399     -19.716187
      27.180748     -17.323446
      -0.573713      43.227350
       7.025765      48.982570
     -92.086012     -41.159667
     -28.639460     -25.469119
     -31.275266       7.876929
      84.877427      23.229175
     -53.418669     -28.310504
     -30.443428     -25.854269
     -13.817802     -16.071785
     -56.355469      -0.313958
     -30.592270      21.170771
       4.100806       2.785399
     -28.119388      22.351564
     113.978120      99.242626
      22.008405      59.118312
     -43.365840      10.477820
     -31.115723       8.767959
     -99.230123     -34.365222
      -4.268269       0.371630
       3.120340      -0.806197
      35.850982     -15.538520
     106.495553      63.509797
       1.570484      15.505340
      49.253593      78.028460
      48.049096      76.636596
      41.503270     -13.690751
     -37.561636      15.259093
      67.939785      -2.948818
      16.694980     -20.348480
     -96.395661     -43.972956
     -56.529726     -22.595542
      -5.614035      17.371943
      -6.275644     -22.902244
     110.429116      75.365410
     -48.387829       6.519302
     -25.701668      24.488039
     113.978544      94.329353
     -71.613108     -30.089744
     -14.837081       4.759223
     109.399523      72.098272
      43.342777      73.360888
      -7.864058      17.135571
      98.191359      47.584756
      -5.536475       4.558551
    -109.033224     -42.075193
      96.351885     102.683604
     -26.157672      -8.829321
     -47.077166       7.612406
       3.230429       0.129163
      74.002725       6.071730
     -88.675376     -26.284304
      50.132770     -16.978672
     -39.780697      13.012688
      42.391193      73.317101
     -85.009959     -22.913095
     114.625966      92.506399
     -26.673230      -2.503539
       0.188173      43.793245
     -46.293505       8.165459
      72.440111      91.860087
     -10.160867     -23.359837
      10.115210     -20.705803
      -2.271841      -2.662936
      70.952598      91.138431
     -93.409456     -42.272921
     -21.998416      -8.807112
     -27.141358      22.456424
      88.241381      99.931604
     -32.976659      18.871933
      62.384335      -9.882843
     -36.875553     -26.479304
     -35.232075     -26.272518
    -127.699178     -62.368953
     -51.559171     -19.512524
     -21.155269       4.280086
     -71.713018     -11.660334
     111.022273     102.953394
     -15.545265     -10.489410
     -29.228038      12.312128
     -81.635065     -35.040624
     -69.289753     -28.891144
      80.576535      95.920810
    -110.453698     -43.466412
     -99.914243     -45.285372
     -17.763124      30.880377
     -62.118738     -25.489438
      49.547724     -10.976130
      49.102051      -8.563352
     -23.551906      -5.714102
    -108.274186     -50.468954
     -12.297809      34.587811
      78.936449      94.892100
     -90.272724     -40.928299
     -43.731182     -27.238543
     -57.958115      -1.171459
      18.036373     -19.883488
     -70.967787     -11.088314
       3.306287     -21.753577
     -53.282655     -20.317878
     104.108613     104.512543
     -41.842136     -26.994709
     -68.963388     -29.938079
      70.734416       1.180317
    -126.851645     -57.466631
      -7.690258       9.240392
       4.140046      12.575298
      64.845423      -7.193666
     -74.267779     -31.051937
     110.438954      74.448639
    -129.118931     -59.784542
     -25.353343     -25.232534
     -20.492279      -9.359781
     113.941049      85.480938
     -20.883001     -25.160087
     -13.709613     -24.643785
      49.993269      78.539851
      24.940592     -18.022374
     -92.459590     -41.993546
      -9.369171     -11.773063
     -50.723211       5.130449
      71.525927      91.844456
      21.591843     -18.538786
      92.943469     102.340452
     -16.234189       6.911078
      29.909103     -17.178356
      79.655571      95.537518
      18.966389     -19.671125
     -42.465152     -15.396022
     -35.956073     -26.848324
     113.058716     100.581450
      -1.241128     -22.737176
      85.152585      24.109388
    -100.963372     -46.798437
    -106.263382     -49.936924
    -107.505329     -50.971783
     -24.379786      25.319479
     114.359272      87.245281
     -64.127017      -5.387283
     -89.572725     -26.583723
      73.383856       4.581677
       5.286841       7.849216
      -5.571193       5.465732
      89.588583      31.700295
     -90.778545     -27.441121
      60.400711     -11.771708
     -17.595951      16.624533
      63.036791      86.342323
    -123.178597     -59.359438
      55.676966      82.280764
      12.655149     -20.188024
    -120.092807     -57.722721
    -103.947103     -48.562766
     -29.224077       1.540697
      55.597637      81.352425
     114.315635      93.422643
     -16.556278     -15.535947
       4.659656       4.966164
      -9.019103     -10.839163
      -9.252267      -6.532630
    -109.505866     -43.320871
      -9.660301      13.125735
     -93.210811     -29.234345
      93.521880      36.948223
     107.149401      65.112838
    -104.639701     -39.280840
    -108.588412     -42.950184
       4.883347     -21.654995
     -64.804400     -29.484509
     109.728399      71.233085
    -113.256731     -54.248372
      -9.146967     -14.338883
      -9.057200      12.398171
     -13.845744     -11.317578
      76.283199      94.547111
      66.589085      -4.233385
    -122.900686     -53.638782
      41.158514      72.301710
      99.633486      49.733569
     -32.616804     -26.658873
     -13.362170     -15.278968
     -86.598020     -23.367826
     104.400247      60.683104
     -95.818354     -31.619681
    -112.402364     -53.817708
    -131.991235     -63.833536
     -78.289878     -16.768819
      -0.598969      -7.172553
     112.801913     101.455042
     -34.613723     -26.967884
     -82.084141     -20.804729
      -1.071264      -7.957966
     -75.445443     -31.589881
     110.827566      76.840469
     114.510420      96.236985
     113.998399      89.735724
       8.167308     -20.806706
      13.790154      53.854995
     -47.244762     -27.482997
      -0.591232      16.540048
     -23.412071       6.450364
     -28.026475      13.693642
      65.482232      -5.505032
     -83.930725     -36.497546
      20.041722      57.978118
      -9.803155     -14.988633
      -8.283317     -14.012804
      52.290681     -18.278720
    -117.552283     -56.641643
      34.487401      68.117006
    -103.357970     -38.298616
     -68.058026     -30.224335
      47.100918     -10.497562
     -25.268538      -9.056786
      98.226003      46.600359
     104.227013      59.751991
     -19.664894       3.197976
    -104.877829     -48.866725
     -16.374234     -10.092505
     -79.828773     -17.881658
     -17.948046     -14.367230
     -79.544742     -34.066909
      42.226675     -13.066566
     -12.090645      17.217957
     -50.585237     -27.713731
      50.977982     -17.420101
    -104.249227     -38.465733
       6.929971      48.033162
     -35.592526      16.793175
     108.484829     103.596684
     104.990721     104.724603
      87.346349      99.905066
     -16.218201       5.974221
       0.673596      -4.471245
     -35.249364     -12.113920
     -73.275074     -30.971769
    -106.542872     -40.775762
      61.208391     -11.317903
      -7.618193      38.406227
     -30.859031       9.679969
      38.551452      70.367824
      -1.630943      41.717815
      -3.669507      40.043191
     -23.009490      15.305663
     106.689820     103.948150
     -19.931295     -25.321253
      87.596449      99.028133
     -21.813815     -25.076791
    -108.826504     -51.281656
    -119.232227     -51.096432
      36.429546     -14.723724
     -54.358287     -28.409125
      86.714133      98.753042
      25.668614      61.699800
     -27.766276      -9.249147
      80.371346      14.509860
      52.555992      79.635585
     112.406633      82.291484
     -28.861427      13.146769
     -12.206654       8.668943
      76.392071       8.840886
      63.570868      -8.472917
      66.318124      -5.183992
       7.694987      49.695038
     -21.055132      -8.649902
     -10.693224     -15.440697
      -1.333157      -2.735954
      76.775238       9.678850
     -41.918079      11.642876
     -86.665982     -38.252827
      86.512853      25.396289
      89.964521     100.660649
     100.429102     104.217365
      82.075252      17.797452
     103.270107     104.185253
      32.703845      66.040858
      94.520826     102.081007
      72.056014       3.366578
      73.031398      92.652189
     -11.331014      12.495581
      27.720188      62.639982
     100.451543      51.475906
      56.249220     -15.902575
     -18.244498      30.081527
     110.511387      73.471027
       4.935587       3.252810
       5.960944      48.056198
      94.304728      40.554952
      -2.011626      -9.447907
      -2.279639      42.411539
     -26.805524     -25.296179
      23.907805      61.132916
     -66.352264      -8.264334
     -60.336143     -29.107714
      38.947683     -14.581364
     -28.074270      -1.257491
      -6.705609       8.265253
     -84.250785     -37.421061
     -48.264417     -18.092277
      67.428900      -3.720804
     -18.184433       0.742728
     107.465115      67.782119
    -132.347093     -62.981779
      -4.874895       1.070814
     -66.333881     -30.184368
      -7.218472     -22.967911
     -13.531113       4.468919
     -18.821962     -13.970861
      38.048856     -14.303389
     -23.840588       7.237887
    -100.431292     -35.347046
     -50.725867     -19.980415
      84.129867      98.087973
      76.683022      10.654010
      75.825367       8.056047
    -124.623219     -55.748222
      23.424576     -18.318774
     -42.733496      11.131751
      -5.776543      38.425334
      60.090003      84.467051
      -6.697807      38.158053
      90.771383     101.192369
     -41.140517     -14.313896
      69.448307       0.175714
     -67.208865     -29.938527
     -28.993942      22.016170
       3.093892      46.200884
    -123.473527     -54.373371
      24.876683      61.141123
      -8.026652      -8.713967
      89.642462      30.751271
     -20.714830      10.697949
     101.963970      53.779478
     -74.572890     -31.920873
    -118.457459     -56.812314
      43.360944     -12.235557
     -17.074885      17.466329
      -4.324124     -10.727572
      -9.349474     -23.739939
     -54.447825       2.554330
       2.495065      45.401756
     -98.140513     -44.563507
      34.942317     -15.277782
      91.952815      34.460867
     -57.074724      -0.893999
      91.900308      35.430484
      51.959714     -17.431613
     113.767785      96.802358
     -44.695809     -27.472050
      -9.590651      17.947861
       3.940623       1.895738
     -83.654605     -21.721833
      -7.776664     -13.273707
       2.588221      14.212366
    -115.716480     -48.504705
      68.052228      89.265891
      44.793880      75.513241
     -19.315623      28.477433
      80.591849      15.448521
     -24.695499      -4.416815
     -77.411923     -16.370122
     -87.692910     -24.670968
      13.684213      52.897418
     -23.586434      -8.204024
       5.292695      47.336885
     -37.026991     -12.486746
     -80.840295     -35.477191
       5.513418      10.691226
      60.426009      85.407447
     114.033524      86.387503
      22.522352     -18.643316
     -63.400369      -4.809365
     109.356863      70.338608
     -59.358089     -29.130418
     -61.568412     -24.716325
      32.336207     -16.179941
     -92.262980     -29.163849
     102.298217      54.671099
      31.055436      65.565577
     -71.139787     -29.241513
     -56.217100     -21.660626
     -51.786297     -27.822340
    -127.534653     -58.729012
     -32.724689     -11.129952
      20.916192      58.261705
     -73.528200     -13.884107
    -119.606386     -52.018465
      -8.526126      11.642656
     114.094464      88.105220
     -22.145393      15.747198
     -26.054520     -25.906215
      17.225828     -19.502790
     -31.387703      19.476393
     -63.118267     -28.902516
     114.658417      91.554891
      44.277075     -12.346272
     -92.201388     -28.264835
      70.346656       0.326648
      -6.061916     -12.947169
     -27.131490      13.922441
      29.665615      64.247543
    -112.500035     -45.368424
      94.913467      39.839976
     -87.323380     -38.950333
     -49.123612     -27.669185
     -65.132366     -27.083796
     -38.565751     -13.408181
     -11.540910      -3.945860
     -41.233981     -27.656277
     -37.703128     -26.930475
      -5.587438       2.816872
     -38.237528      14.578079
      83.560149      21.020746
     -14.725192     -15.758302
     -24.342845      -8.831349
     108.397380      68.106574
      49.034996     -13.768890
     -12.912082       8.075346
     110.322275     103.563373
     -23.967688      15.182279
      77.902742      12.115547
       4.647232      11.796879
      57.814352     -14.814368
      82.387416      97.290055
     -66.019404     -26.888733
     -44.209823     -15.913945
      99.615245      48.773409
     -10.692412      -4.657851
      93.649529     101.686725
    -120.950024     -58.144445
     -78.910057     -17.492256
     112.337515      80.488569
     -16.289717      30.852750
     102.054904      55.532102
      89.963436      32.619036
    -121.599893     -58.764967
      19.515648     -18.937961
     -69.625975      -9.655407
     -49.216397     -18.074943
     -59.183469     -23.763887
      84.379491      21.504689
      78.603366      12.734583
    -131.260461     -61.410022
     -31.683127       6.855090
       1.924928      -3.287979
     -16.797506      10.452667
     -33.276177      17.969658
     111.500050      78.858875
    -129.819631     -60.494075
      -2.751379      41.629365
     -19.470742      16.384725
      54.557394     -16.532811
     -19.222362      -8.246050
     113.182634      99.669597
     -60.072832      -3.157490
      39.426587      70.773637
      75.364034      93.072825
      -7.793468      -9.646137
      96.998082      44.214883
      79.506141      13.043843
     -50.637801     -19.060090
       3.509669       1.018511
      65.671792      88.155954
    -130.103311     -63.885064
      96.732956      43.281358
     -46.515730     -17.445169
     -13.139812      -3.394561
     -17.267157       0.394574
      16.168970      55.298910
      -8.438608      10.647323
     -30.904571      11.365266
     -48.131626     -27.714408
     -18.928512      11.339993
      33.689798      67.532268
     -38.277639      13.652586
       5.373238       9.704580
      -8.180545     -10.491816
     -49.085448       5.887000
       0.877138      44.445447
      11.324252      51.619794
      90.727095      33.209212
     -85.101321     -37.703406
      14.659511      54.140410
     104.604539      58.892692
     -73.037534     -13.019396
       0.639683     -22.438483
     -94.443303     -30.498392
     -59.279917      -2.637507
     -93.945664     -29.749862
    -103.538894     -47.661079
     -23.019735       9.851382
     -20.984410      27.728962
      44.694196      74.550197
     -76.193785     -15.077751
       5.308875       5.621189
     -16.273730       8.485796
     -68.634719      -9.561146
     -16.145726      17.326308
     -29.754494       0.811116
    -102.724913     -37.535576
       9.136613     -20.690035
      60.341721     -12.699562
      87.103140      27.232699
      40.246080      72.377564
     -91.735918     -27.478009
     109.717536      73.023907
    -106.455634     -39.831793
     -70.688291     -30.518033
     -14.335273       4.009537
     -15.628605      -0.593912
      74.345409       6.979484
       0.291294      -6.080372
     -26.637735      14.687867
      -0.264336      -1.865050
     -22.549715      26.796001
    -126.730936     -62.264787
      48.539956      77.477414
      62.847487      -9.108947
     -57.594831     -29.170469
     -11.974720      10.297723
       5.202795       8.751261
       4.953685       6.911594
      97.571905      44.909098
      72.583360       4.113475
     -19.589131     -24.483215
     -16.580088       9.477998
     -23.404168       8.122403
      53.219465     -18.246185
     -40.328280     -27.276363
     -86.847132     -24.292255
     -74.281293     -13.399587
      92.663484      36.673158
     -22.308711       5.068976
     -31.415703       5.946576
     -31.053427      20.348293
     -66.001810      -7.403943
     -11.594950       9.389647
      50.835177      79.031871
     -45.656236       8.856126
     -28.452320      -9.959339
     -53.601771       2.115171
     -52.508656     -28.372524
     -56.381671       0.651810
      -5.247599       1.919538
      61.370937      85.472208
      -5.880314       3.717916
     -15.706498       7.754127
      28.768748      64.019142
      64.918499      87.647396
     -13.512194      33.274332
      20.116817     -19.612397
      54.939482     -17.454873
    -100.821940     -36.266915
      30.494882      64.780889
     105.534091      61.930060
    -125.896841     -61.722558
     -82.232946     -35.805448
      36.774348      69.896465
     -83.046369     -21.028404
     -36.501384      16.392219
      96.209954      42.469817
      55.537033     -16.550677
       5.093757       4.176298
      97.720679     104.014198
     111.132759      75.962038
     -29.900558       2.228489
     113.301985      82.679020
     -21.677481      -7.255289
     -11.977953     -23.879079
     -94.890634     -31.307636
      85.059625      98.056614
    -116.644251     -48.639554
     -40.184420      12.184068
      26.798091      62.977495
     -55.439333       0.919837
      73.974053      92.640753
      54.029584     -17.788800
     -15.561028       5.317722
      -7.369544      17.942206
      -7.112610       7.464209
     111.801209      77.971030
      44.506541     -11.447786
      69.004416      -1.685545
      47.774154      -9.826504
      81.452421      17.035948
      95.626705      41.677464
     -97.177680     -44.539527
     -37.966721     -12.632426
     -10.196911      -6.367702
      17.919508      56.145271
     -34.246650      17.983771
     -10.900317      35.482537
     -13.067126       6.170315
    -122.126380     -53.157346
      36.182703      69.108871
      -0.260829      15.609363
    -122.215361     -59.427241
       3.488224      14.045633
     -16.438408      -0.037518
     -91.219211     -40.886816
     107.728371      66.845861
    -111.218728     -44.055174
     -18.341677     -24.411303
     -14.640250      31.754112
    -110.174656     -52.511999
     -99.527409     -35.273559
     -51.144793       4.264427
      70.453889      90.355734
      -8.411884     -23.763407
      19.398778      57.321633
     -13.853878      32.349402
      33.305905     -16.115544
       5.784968       6.415436
    -119.224048     -57.304494
      32.925802      67.015332
      -3.421929      40.932172
     102.905675      56.646292
      95.248853      40.806677
     -63.446818     -26.315749
     -94.657015     -43.399033
      -0.884218      42.326894
      12.983718      52.215095
      -4.455363     -22.614236
    -115.475980     -55.284116
      61.947216     -10.766962
     -20.410261      16.279872
      -8.748899      17.510104
     -26.849621      -9.468401
     -85.694825     -38.438987
      50.017649      -9.115893
     -39.306185     -14.053725
      59.457695     -12.988491
      -1.413733      16.038833
      93.838853      37.839034
      49.137806     -14.664772
      82.785603      20.491600
      12.000384      52.299149
     -18.903824     -13.074266
     -72.213741     -12.521970
      26.692377     -18.149327
     -55.418489     -21.225207
     -10.507245      18.052741
     -39.165231      13.789174
      69.449037      -0.792360
       1.370675     -21.836079
    -111.956263     -52.986140
      97.568352      45.908349
     -76.994967     -32.632561
      49.352518     -12.840472
      26.581969      62.060011
     -28.377863      -0.325043
     111.200115     102.043917
     -67.210052      -8.897399
    -101.771579     -47.554782
     -10.872927      14.336290
      -5.349292     -22.699539
     -15.203499      -1.440955
     -22.584945      -5.964733
      40.249814     -14.408253
     112.590120      81.376242
      63.600604      87.142695
      -0.349682     -22.353126
     -30.869139       2.333812
     -13.507298      17.777787
     -33.149394     -25.896199
     -21.512528      10.133217
     -12.115994     -11.946072
     -96.987342     -32.993530
      81.071510      96.759810
    -123.793397     -60.136407
     -68.109506      -8.768564
       6.725881     -21.803714
     -21.681477      -6.294720
     -31.405167     -25.664107
       4.883660      46.530228
