   -2.19     -5.89
   -1.67      0.94
    2.28     -0.77
    1.83     -6.79
   -5.81      4.07
    8.58      1.43
    7.22     -0.61
   -7.83     -9.30
    5.46     -4.95
    8.23     -4.72
   -7.45     -0.36
    6.86      3.37
    4.97      3.45
    1.75      3.65
   -8.49     -4.71
    8.48     -0.94
    0.05     -9.07
    8.97      7.56
   -5.26     -2.18
    1.05     -9.31
   -3.89      7.73
    7.96     -7.14
   -7.65     -2.78
   -3.62     -7.26
   -4.63     -1.34
   -1.63     -6.71
    4.87      6.29
    2.92      7.46
   -3.73      0.05
    4.22     -9.19
   -9.76     -5.92
   -5.56      8.70
    4.83     -5.35
   -2.64      3.67
    6.04      7.68
   -4.25     -4.23
   -2.37      5.16
    2.34      3.09
    7.67      9.64
    5.27     -0.30
    5.17      9.24
    6.60     -8.13
   -6.82      8.27
   -9.80     -0.49
   -3.08      8.30
    3.92     -6.60
    1.83     -5.58
   -8.75      4.40
   -4.06      0.62
   -5.95     -2.23
   -3.70     -5.27
    2.60      5.00
   -9.72      6.24
    8.29      9.24
    4.86      0.74
   -4.05     -3.90
   -3.47     -8.95
    9.92     -5.88
   -0.78      8.13
   -6.81     -7.92
   -7.95      9.80
    2.25      4.21
    0.75     -5.26
    2.14     -4.43
    6.26     -0.97
    5.58     -5.19
    7.16     -2.96
    6.07     -1.62
   -2.96      7.42
    8.10     -0.15
    2.25      9.62
    8.09     -2.89
   -4.82      6.82
    7.23      7.21
    6.61     -7.95
   -3.55      4.58
    7.86      9.38
   -5.42     -2.68
   -7.63     -4.93
    4.46     -4.04
    7.42      1.37
   -3.40     -9.96
   -9.03     -8.85
   -5.46      2.99
   -4.09     -0.74
    0.01      2.60
    5.89      1.58
    5.67     -2.91
   -1.53      4.21
    5.49      4.16
   -6.68     -5.46
   -3.61     -6.21
    0.39     -4.84
    2.35     -0.74
    7.16      6.64
   -9.92      8.72
   -7.88     -3.62
   -4.22      7.83
   -3.33      4.32
   -6.66     -9.30
    1.47      6.94
    6.40     -4.74
    9.16      0.65
   -4.56     -4.65
   -5.75      5.78
   -8.33      3.40
   -2.67     -1.31
    6.88     -3.57
    5.38      0.85
    0.85      7.12
    5.04      0.58
   -1.93     -5.62
   -0.94      2.31
    2.82     -4.23
   -5.33      3.63
    2.97      9.77
    1.23      7.60
   -3.23     -9.93
   -6.00      2.28
   -4.05     -7.66
    7.05     -8.37
   -9.16      9.07
   -9.33     -5.47
    8.46      9.81
    9.31      7.23
   -3.80     -0.32
   -9.50      8.76
    7.34     -1.91
   -1.94      6.24
    9.87      2.59
    9.33     -3.43
   -6.98      7.18
    4.41     -8.63
    4.61      2.45
   -3.91     -6.27
   -2.60      1.36
   -2.90     -9.83
   -5.74     -3.94
   -5.85      9.35
    8.24     -7.10
    5.21     -6.45
   -9.37     -3.73
   -6.14     -0.48
    4.60      3.71
    7.03      7.82
   -4.21     -0.50
    1.06      3.54
    2.41     -3.08
   -1.79      5.74
    8.92      9.59
    7.14     -9.15
   -7.57      9.05
   -1.60      8.20
    6.10     -8.60
   -7.44      9.87
   -4.89     -8.65
   -1.33     -9.72
    5.55     -3.47
   -7.40      7.09
   -9.98      1.80
    8.98     -9.66
   -6.08     -1.31
    9.77     -0.67
   -7.24      9.54
   -4.64      3.69
   -0.51     -8.16
    1.05     -5.68
   -0.32      0.23
    6.61     -3.62
    0.39     -1.71
   -4.72      1.40
    1.65     -0.27
    6.30     -8.32
   -4.83     -3.78
    2.63     -7.46
   -1.11      9.11
    1.60     -1.31
   -9.66      9.82
    3.12     -5.12
    8.19     -2.31
   -9.75      9.64
   -8.74     -5.56
   -7.86     -5.35
   -8.38      6.09
   -0.86      0.07
    1.24      8.87
    2.25     -2.62
    7.35      2.38
   -7.54     -1.12
   -0.47      8.72
    1.00      6.10
   -8.02     -8.72
   -2.02      3.54
    7.29     -3.49
    9.97      4.88
   -8.26      6.84
    3.59     -6.88
    4.87     -2.53
    1.58      7.89
   -9.02     -9.04
    1.55     -7.94
    4.51     -2.44
   -8.62      6.68
    7.40      4.94
   -3.20      2.05
    1.22      7.58
   -5.25      7.30
   -7.28     -9.37
    4.54     -5.02
    0.56      5.72
   -6.27      9.81
   -3.75      7.49
   -2.74      8.64
   -4.85     -8.17
    5.43     -1.87
   -4.42     -1.32
   -8.54     -8.11
    9.23     -4.90
   -2.64      0.80
    4.51     -8.82
    2.28      2.14
    9.95      3.26
   -0.08     -6.71
   -3.47      8.92
   -9.77     -2.57
    8.66      7.80
    2.03      6.89
    1.39     -4.77
    1.33      0.97
   -0.13     -8.36
   -5.61     -1.46
    8.48     -0.18
    8.04      7.78
   -6.63     -5.81
    8.81     -8.49
    6.75      6.69
    5.48     -9.18
    5.99     -9.96
   -5.64      9.56
   -1.73      6.42
    6.65      7.50
   -1.18      0.75
    6.36      6.06
   -7.57      7.94
    1.69     -2.59
   -0.36     -5.51
   -9.67     -7.77
   -2.53      8.40
   -3.13     -8.28
   -2.53      3.50
   -8.98      2.54
    4.31      8.63
   -7.24      9.44
    5.40     -4.72
    8.40      8.39
   -2.71     -7.69
    1.72     -9.01
   -6.04      2.34
   -8.96      7.88
   -9.25      4.80
    1.77      6.65
   -3.96      4.93
   -4.00     -1.86
    4.23     -1.22
    4.69     -9.42
   -5.23      1.19
    7.16      9.05
    3.36      7.09
   -9.25     -7.86
   -3.76     -2.68
   -6.23     -8.88
   -0.22      6.06
    9.11     -7.29
   -1.03     -9.55
   -9.46     -8.26
   -1.29      3.24
   -1.80     -3.03
   -4.26     -2.03
    5.64     -6.47
   -6.49      9.38
   -1.75     -2.54
   -8.08     -6.95
   -3.02      3.44
    1.01     -4.78
    8.36     -0.68
    8.04      2.33
    8.20      9.38
    9.50     -7.64
    5.81      3.32
   -7.02      4.55
   -9.67      8.14
    0.84      8.89
    5.31      6.67
   -8.54      6.02
    7.96     -1.95
    8.81     -4.03
    0.77      0.49
   -8.01      7.08
    5.45      8.74
   -4.06     -1.00
   -4.83      5.92
   -0.22     -3.98
    7.27     -4.50
   -4.24      5.29
    3.97     -7.07
   -5.90     -8.05
   -6.00      6.16
   -8.43      0.45
   -6.11      5.26
   -2.24     -5.45
    4.95     -5.46
    8.26     -2.49
    6.15     -0.30
   -0.28      8.11
   -1.69     -0.37
   -4.10     -4.38
    5.96     -3.82
   -4.30     -0.28
   -3.43      9.16
   -6.17     -0.25
    9.03      2.09
    0.75      9.31
    8.21      8.16
    6.80      8.13
   -1.80     -5.00
   -0.75      0.42
    1.67     -5.50
    7.80      1.62
    6.89     -9.07
   -1.94      5.10
   -9.89      4.53
    1.15      6.50
   -0.30      8.31
    2.35     -7.64
    4.02      6.33
    6.22      7.92
   -9.47      2.69
   -7.13     -6.85
   -1.32      4.55
    5.15      9.38
   -5.88      6.19
   -0.61     -4.35
    2.34     -0.46
   -6.75      3.00
   -1.10      5.85
   -3.53     -2.97
    6.75      4.84
   -7.68     -7.12
   -2.63     -6.39
    7.82      1.58
    8.78      5.76
   -2.20      4.34
   -5.60      3.06
   -6.00      6.77
    8.96      1.87
   -0.13     -2.99
   -8.21      0.74
    5.26     -8.00
    3.39      8.55
    8.33     -5.78
   -0.54     -0.46
   -8.55      7.28
   -4.93     -5.59
   -9.03      6.13
    3.60     -6.59
    2.60     -8.41
    3.20      5.37
    1.90      9.16
   -0.48     -8.75
   -9.03     -0.01
   -7.21     -8.39
   -4.08     -6.89
    4.65      6.19
    8.87      2.24
   -3.05      1.22
   -9.57      7.04
    2.37     -4.38
    4.76      3.66
    8.05      5.70
    7.09      2.56
    5.62     -4.64
    3.33     -9.88
   -7.21     -8.05
   -1.62      7.88
   -9.98     -0.67
   -9.66      3.06
    6.90      8.27
    9.76     -0.82
    9.09      3.83
   -7.19      4.10
   -2.26      6.99
    5.76     -0.63
   -4.21      8.89
   -1.61     -2.81
    8.39      4.27
    1.01     -8.20
   -3.85     -8.96
    8.92      2.43
   -0.04      7.72
   -8.89     -6.54
   -3.80     -4.27
   -8.38      2.45
   -0.12      2.38
   -0.25     -0.15
   -1.59      3.64
    0.09     -3.09
    5.25      9.47
    1.23     -9.30
    7.73      1.35
   -7.37      3.95
    3.01      7.11
    9.69      7.72
   -8.28      6.58
    3.86     -8.20
   -0.49     -5.53
    1.09      4.91
    0.41     -6.98
    7.83     -6.99
   -4.06      5.28
   -3.76      6.37
   -3.03     -4.16
   -6.95     -7.32
   -2.30      0.48
   -5.76     -9.66
   -4.50     -1.90
    7.83      5.05
    2.10     -8.46
   -8.51      2.89
    7.89      5.62
    3.98      1.47
    8.99      5.57
   -4.34     -2.25
   -6.57     -9.68
   -5.07     -7.36
    8.60      3.57
   -4.14      3.32
    2.88     -0.07
    3.42     -7.48
    0.08     -9.13
   -2.29     -2.25
    7.90     -2.16
   -5.29      1.12
    9.44      5.74
    1.20      8.27
    8.30      2.37
   -3.47      2.69
   -1.38     -4.42
   -0.19     -1.79
    6.38      8.38
   -3.53     -8.80
    4.46     -5.39
    7.60     -2.58
    9.96     -6.56
    9.93      9.28
    9.11     -1.23
    6.58      5.66
    7.39     -3.95
    5.29      6.50
   -6.13     -1.13
    3.01     -2.58
    6.50      6.71
    7.74      1.86
    6.62     -9.16
   -0.92      6.05
    3.03     -3.72
    8.41      4.83
    9.60      5.73
    3.70      1.98
   -0.43      3.75
    0.42      5.50
   -2.66     -2.44
    3.55      4.72
    2.12     -9.72
   -0.96     -7.06
    5.62     -4.32
   -5.79      8.24
    4.51     -0.64
   -4.39     -9.13
    1.51      9.47
    8.04      0.54
    3.55      7.54
    5.97      9.47
    7.39      3.12
    6.38      0.24
   -4.81     -1.65
   -5.34     -8.36
   -4.80     -4.66
   -1.45      0.85
   -9.73      3.28
   -1.32     -6.83
    9.76      8.93
   -4.97      2.69
   -0.20      9.04
   -2.70     -0.46
    1.60      4.08
   -3.41      0.47
   -4.34      4.50
   -7.01      5.58
    1.26      2.90
    7.37      6.42
    7.96      0.46
   -1.79      9.50
    8.06     -8.03
   -0.79      7.06
    9.40     -9.42
    9.10     -8.48
    4.01      6.33
    3.15      9.68
    6.17      2.07
    5.07      8.13
   -4.56     -6.15
   -0.18     -8.09
    7.22     -3.90
   -7.93      7.66
    0.85     -1.76
   -5.56      4.02
    3.38      3.13
    2.71     -6.83
    8.45      1.79
   -7.85      8.81
   -3.62     -7.84
    4.60     -0.62
   -2.87      2.50
   -9.86      8.61
   -0.60      6.33
   -2.13      8.02
   -6.54      2.79
   -5.03     -6.91
    3.45     -6.52
    1.93      2.02
    6.82     -0.03
   -7.20     -5.41
   -6.61     -2.60
    1.72     -0.18
    6.53     -8.74
    4.47      5.08
   -2.66     -7.58
    3.24     -2.22
   -3.06      0.49
    6.24      6.00
   -6.91     -4.29
    6.21      0.97
    9.04      1.20
   -2.65      1.85
    7.28     -0.28
   -1.27      2.30
   -7.88      0.27
   -0.56      0.94
   -2.01     -8.96
   -2.97     -7.58
   -6.18      4.46
   -7.98     -7.13
    8.26     -6.38
    4.99     -9.77
   -5.31      7.94
   -3.79     -8.59
    2.95     -3.71
   -1.18      1.14
    0.51     -5.46
    6.78     -1.18
    4.61      5.55
   -9.71      8.84
    5.77     -1.72
   -8.57     -8.19
    2.11      3.23
    4.00     -7.02
   -7.54     -5.93
    1.28      7.36
   -1.74     -7.93
   -6.55      6.75
   -5.12     -0.91
   -8.84     -2.30
   -2.58      1.47
    3.70      8.86
    6.38      1.17
   -1.25      4.99
   -8.90      7.36
    4.88     -3.34
   -1.79     -6.30
    0.60      7.67
    0.88     -6.58
   -4.68      5.20
   -6.15     -9.18
   -1.10      9.89
    8.21      2.69
    9.88      1.18
   -9.31      9.32
    4.60      3.56
    3.72     -4.88
    3.09      8.34
   -0.04      1.45
    8.21     -9.97
   -4.75     -7.34
   -4.37      3.54
   -8.81     -2.70
    6.17      7.28
    1.92     -6.39
    9.55      3.47
    1.14     -0.83
   -9.45      8.18
   -9.34     -0.47
   -8.71     -5.19
   -6.23     -5.90
    2.45      5.90
   -4.81      0.71
    6.25     -8.19
    1.86      7.63
    0.46      9.23
   -3.67      6.77
    2.08     -1.31
   -0.33      0.37
    8.65      5.01
   -7.89     -2.78
    4.99      6.19
   -6.48      6.38
   -3.41      6.77
   -6.35      7.06
    6.40      5.75
    6.60      3.62
    6.97     -5.96
   -5.14      7.88
    0.44      6.50
   -3.29     -1.14
    0.10     -5.40
   -5.46     -9.32
    2.37     -3.28
    7.36     -9.14
    6.21     -9.79
    3.21     -7.30
   -2.28     -9.77
   -8.19      6.61
   -1.50     -0.89
   -5.36      5.42
   -0.98     -2.19
    3.87     -9.04
    7.36      9.25
   -8.34     -4.42
    9.12     -6.98
   -0.56     -7.94
   -8.83      1.27
    4.91     -2.30
    3.70      6.01
    9.90      9.05
    0.92      7.24
   -3.06     -4.69
   -3.50      5.43
    6.88      6.23
   -1.78     -4.17
   -6.88      0.92
   -3.09     -8.90
    3.50      1.53
    7.33     -6.62
   -3.61      3.88
   -4.54      3.63
    2.29      8.18
    7.16     -0.12
   -0.60      4.13
   -9.43      8.61
    9.88     -8.35
   -0.70      5.26
   -0.96     -6.37
   -8.85     -9.66
    2.20      6.93
   -7.01     -8.56
    5.98     -5.86
   -6.43      6.33
    1.51      1.86
    1.33      0.79
   -6.11      6.10
   -5.95     -3.12
    2.34     -1.49
   -2.34     -5.15
    6.11     -1.22
   -0.10      1.25
    6.70     -0.31
   -7.20      0.06
   -5.54     -3.06
   -3.04      9.84
   -0.80      9.18
    3.13     -8.08
    5.13      6.91
   -0.39     -4.46
    3.45     -0.81
    3.16      8.34
   -1.19     -2.44
   -6.39      1.52
    0.62     -4.52
   -4.80     -6.93
    1.61     -2.53
   -8.36     -0.55
   -8.56     -6.50
    4.37      0.57
    0.34     -4.05
    4.33      6.65
    3.29      8.44
   -6.31     -6.45
    0.18      8.62
    1.09     -2.30
    8.15      2.45
   -0.72      7.23
    4.08      3.89
    7.75     -8.07
   -6.77      1.41
   -4.72      9.24
    6.34      8.66
    0.25     -1.85
    3.82     -4.31
    1.80      6.94
   -9.84      0.46
    5.44      4.72
   -4.27     -8.01
   -8.77     -6.07
   -0.05      1.48
    3.61      9.66
   -8.74      3.52
    2.39     -6.23
    0.18     -9.14
    2.33     -4.42
   -5.73     -8.59
   -6.75      2.31
   -3.20     -3.89
    5.18     -8.97
    3.70     -8.07
    0.53     -6.15
   -2.66     -0.36
   -4.76      5.22
    5.66     -6.19
    0.61     -4.17
    7.91     -3.41
   -7.45      1.37
    6.91      1.12
   -3.57     -8.92
    2.59     -0.58
    9.78     -5.66
   -9.90     -6.65
    6.37     -4.76
   -7.36      8.62
   -4.37      6.81
   -7.97     -8.67
   -9.23     -4.73
   -2.72     -9.80
   -1.96      8.14
   -5.09     -1.74
    0.67      1.74
    9.62      0.76
    3.18      8.76
    5.08     -4.90
   -8.94      0.16
    3.18      2.10
    6.84     -4.95
   -3.06      0.27
    9.73      7.98
   -5.10      3.11
    5.83     -6.78
    7.37      6.12
    2.46     -0.23
    0.80      6.98
   -5.22     -5.21
   -9.58      7.28
   -8.83      2.20
   -6.04      6.07
    5.23      1.82
    5.10      6.17
   -1.20     -3.21
    7.21     -6.36
    5.82      9.58
    9.19     -7.97
    1.94     -1.69
    7.01      2.47
   -3.96     -4.28
   -1.07      6.08
   -6.72     -3.01
    0.22      0.74
   -2.50     -0.02
    8.71      0.00
   -3.82     -6.31
   -0.31      8.16
   -0.23     -4.51
    6.46      4.13
    6.60      0.50
   -2.33      7.61
   -7.35     -6.49
    4.90      5.80
    6.62      1.04
    7.18      2.24
   -0.96     -7.77
    1.15     -3.07
   -6.09      0.35
    1.18      2.69
    3.59      5.26
    6.28     -8.94
    8.78     -0.70
   -2.16      6.97
    8.89     -5.30
   -5.93      5.85
    3.41      5.67
    0.86     -8.26
    8.75      1.23
    5.77     -7.66
    6.38      0.86
    5.51      8.72
   -5.67     -4.10
   -0.96     -5.61
    6.21      6.02
    0.51     -8.09
    7.41      6.99
    2.41      9.04
   -2.01      4.39
   -8.21      7.58
   -2.78      2.06
   -8.84     -7.65
   -3.08     -6.88
    7.13      2.93
   -6.11     -4.11
    4.24     -9.36
   -3.50      2.85
   -9.50     -9.84
    7.44     -9.55
    7.49     -2.82
   -5.71      3.25
    7.64     -8.59
    6.20     -1.07
    4.64      1.15
   -6.78      9.10
   -4.87      9.28
   -2.59     -0.71
   -5.82      4.26
    9.55     -6.15
    5.75     -4.74
   -9.25      7.47
    6.93     -8.74
    3.73      3.27
   -2.68      3.14
    1.82     -0.31
   -1.24      1.99
    2.78     -8.36
    4.38      6.21
   -1.76      8.62
    2.58      8.81
    3.39     -6.57
    9.74      0.54
    0.44      7.76
    4.60     -7.02
    6.72      9.08
    6.81     -5.31
    7.70      9.77
   -2.26     -0.90
   -0.45     -0.96
    9.23     -1.95
   -3.35      2.42
    8.79      8.37
    4.81      6.36
   -1.14     -4.61
    8.80     -7.02
   -9.54      3.52
   -7.99     -9.51
   -6.34     -3.91
   -2.60     -4.19
   -5.60      3.68
    4.98     -6.27
    2.77     -6.25
   -4.15     -8.72
    4.74     -5.27
   -8.88     -7.10
    0.09     -0.43
   -2.50      7.20
   -5.82      5.84
    3.62     -3.78
    0.56      1.47
   -0.42      2.11
   -8.71     -6.62
   -1.71      1.90
    5.48      9.51
    6.81     -6.36
   -7.48     -5.37
   -9.22     -4.46
   -7.82     -7.96
   -4.56      5.35
    0.72      2.31
   -0.64     -2.88
    6.09      6.33
   -2.13      5.97
    1.99      2.88
   -0.89     -5.35
   -6.31      0.81
   -2.29      5.42
   -8.87      4.54
   -9.11     -6.24
    4.60      2.54
    8.19      9.55
   -4.29     -0.46
   -3.70      8.74
    5.64     -9.83
    8.08      7.72
   -0.72     -8.86
    2.99      6.20
   -0.66     -8.70
    2.76     -0.76
   -9.94     -0.83
   -3.97     -5.99
   -9.31     -0.38
    0.32     -1.41
   -7.10     -2.62
   -0.60      5.34
    6.54      4.53
   -3.34     -4.94
    5.76     -5.74
    1.88     -2.34
    9.40     -1.70
    4.95     -6.76
    9.27     -4.32
    0.04     -6.71
   -7.39      2.37
   -0.91     -0.51
    6.64      4.83
    6.67      8.34
   -7.15     -7.98
    5.89      8.03
   -7.70      8.34
   -9.65     -6.58
    1.23     -2.27
    8.74      5.08
    6.79      6.96
    4.84     -8.90
    2.12      8.92
    6.58     -4.47
    5.05      7.08
    1.20     -7.13
    9.90     -6.99
    7.58     -5.33
   -2.38      9.22
   -3.45     -4.44
   -9.36     -4.93
    9.48      4.25
   -4.28     -8.45
    5.68     -8.56
   -2.15     -9.79
   -2.36     -7.22
    6.27      1.90
    3.19     -7.80
    2.45     -6.44
   -1.76      0.23
    6.84     -3.10
    0.11      7.95
    6.94     -4.87
   -6.97      5.10
   -7.58     -9.77
    4.83      9.48
    9.58      8.50
   -8.46      8.85
   -9.61      2.40
    0.65      6.99
    4.95     -9.55
    6.54     -6.33
   -8.08     -2.65
    3.68     -8.03
    9.67     -5.75
    1.80      9.93
   -0.35     -1.01
    1.20      6.32
    0.45      4.29
    5.31      7.64
   -0.07      2.23
    6.53     -6.88
    1.31     -1.23
    6.70     -6.26
    5.79      0.26
    3.01      8.94
   -2.60      9.90
    2.05     -8.02
    6.38     -4.01
   -7.35     -6.40
    7.53      8.48
   -2.96     -6.52
    7.25     -9.48
    3.43      4.50
    4.49      8.00
    1.79     -3.39
   -0.50      8.85
    6.68     -3.30
   -1.06      2.27
    3.85     -1.54
   -8.34      6.08
    1.47      6.43
   -6.90     -2.51
    9.97      2.17
   -5.37     -8.77
    1.01     -7.89
    9.14     -5.30
   -8.37      4.49
    4.40     -5.74
   -9.25      0.75
    7.42     -1.66
   -5.48     -5.41
   -5.09     -1.21
    7.25      1.69
   -7.74     -4.20
   -7.16      8.74
   -2.39     -3.39
    6.56     -1.72
