   -8.29      5.23
    4.93     -7.23
   -3.80      1.09
   -7.82     -7.56
   -7.62     -5.31
   -7.12     -4.62
    6.14     -3.19
    0.98      3.79
   -7.57      3.31
    0.04     -9.88
    8.30     -0.49
   -8.97      1.36
    6.26     -0.81
    7.12     -1.29
    0.51     -4.80
   -5.15      0.79
    0.56      5.15
    5.62     -1.72
    3.59     -2.25
    0.16      5.25
    9.78     -6.41
   -3.07     -2.56
   -0.60     -8.87
   -1.15      7.14
   -1.25     -3.91
   -2.71      9.45
   -8.77      2.69
    7.14      6.22
   -2.14     -2.14
    0.42      1.96
    2.98      5.39
    6.40     -6.08
   -0.73     -8.48
    1.49     -1.12
   -3.10     -9.59
    8.97      8.04
   -0.08     -4.18
   -6.09     -9.76
    0.89     -6.27
   -7.29      4.23
    0.14     -0.15
    8.12     -8.56
    1.50     -7.97
    8.92      1.38
   -7.61     -3.17
   -2.25     -4.63
   -7.16     -7.08
   -5.68     -9.15
    7.69     -1.69
    7.88      7.09
    6.88      6.69
    4.04     -0.46
    2.54      4.77
   -8.74      6.98
    7.70      1.91
    1.61      6.40
    7.41     -7.96
   -1.05      8.20
    8.65     -3.92
    5.96      3.78
    2.31     -2.94
   -8.49      4.70
   -7.83      6.64
    2.01      4.76
   -4.73      4.02
   -6.69      8.66
   -7.22     -6.16
    1.35      1.78
    0.21      0.51
    1.61      7.43
    5.60      6.08
   -4.45     -1.18
    7.83      6.84
   -8.44      3.75
   -5.05      8.88
    0.80     -6.72
   -7.54      1.59
   -4.48      7.46
    2.70     -5.76
    8.05     -2.99
    5.96      7.70
    6.37     -7.63
    8.83     -5.78
    0.12      1.31
   -5.57      3.51
   -9.26     -9.32
    7.67      8.22
    1.47     -3.10
   -2.37     -1.78
    2.05      5.27
   -5.90     -3.45
   -9.80      0.27
    4.51     -3.90
   -0.39     -0.25
    5.20     -7.22
    9.82     -4.07
   -5.22      6.49
   -4.94     -6.00
    1.72      3.12
    8.77      8.01
   -7.68     -5.69
   -7.41     -0.72
    6.07      0.98
    7.71      4.42
   -4.37      2.27
    0.43      9.12
   -7.57      0.65
   -1.23      6.16
   -1.31      5.06
    6.68     -5.53
   -7.50      7.22
    7.72      0.68
   -3.12      1.89
    7.79     -8.22
    8.98      4.08
    9.61      6.69
    3.70      8.14
    7.88     -7.63
    5.69     -7.22
   -5.98      5.57
    6.41      3.13
    7.04     -3.92
   -0.47     -4.61
   -6.20      8.71
   -8.40      5.22
    7.44     -6.87
    2.40      0.04
   -8.50     -5.79
   -7.20      7.33
   -1.87      2.20
   -1.10     -9.82
   -5.61      2.73
    4.75      7.72
   -9.94     -5.11
   -0.15     -9.93
    8.18     -2.42
   -0.12     -3.74
    5.29      9.34
   -9.70      1.13
   -6.42     -3.50
   -7.01     -9.88
   -4.20     -2.93
   -7.09     -1.65
    0.17     -8.23
    8.04     -3.48
   -6.86      5.18
   -1.85      6.59
    3.41      8.58
    0.71      4.28
    9.04      6.36
   -5.79      4.31
   -0.58     -3.16
   -2.04      6.14
    3.02      9.72
   -5.06      1.11
    9.56     -8.80
   -9.60      4.14
    1.12      1.73
   -0.68     -5.83
   -4.03      6.87
    6.74     -9.48
    1.35      2.88
   -9.35      4.97
    4.12      6.98
    0.69     -8.31
    9.16      7.56
   -6.38      0.99
   -5.86      0.78
    9.39      8.89
   -3.63     -3.09
   -0.92      5.13
    3.54      9.14
   -3.59     -0.97
   -5.48      0.82
   -8.34     -2.25
    9.19     -8.17
    9.01      2.07
   -7.07     -2.53
   -6.59     -0.29
   -1.44      2.75
   -1.16      4.67
    3.32      3.56
    3.79      6.28
    0.97      8.55
   -3.06     -5.91
   -1.20      5.65
   -7.48     -1.70
    7.10      1.42
    6.95      6.46
   -3.29     -5.47
   -2.06     -3.64
   -4.79      6.47
    4.40     -5.78
    9.95     -5.32
    8.34     -2.42
   -6.90      1.58
    5.13      1.58
    1.59      4.81
    4.87     -1.49
   -1.42     -9.62
    6.44      8.10
   -3.16     -5.48
    6.46     -7.39
   -8.08      7.59
    0.79      5.47
   -8.60      5.30
    0.89     -0.25
   -9.58      5.45
   -0.23     -6.59
    1.35     -5.05
    2.40      0.18
    1.11      5.39
    4.50     -5.12
    0.13     -3.80
   -6.69      0.34
   -0.96      9.24
   -2.47      7.06
   -2.74     -0.58
   -5.99      2.15
   -6.44      2.36
    8.15      6.59
   -2.06      9.60
   -2.56     -5.01
   -9.30     -7.57
    1.04      9.86
    2.16     -5.08
    5.52      4.46
    9.65     -2.56
   -5.87     -5.94
   -7.49      4.42
    4.05      6.30
    8.43     -7.03
    9.78      8.26
   -2.52     -8.42
    5.71     -8.79
   -3.00      2.15
   -3.33     -5.83
    7.74      6.70
    2.72      0.17
   -9.85     -5.42
   -0.78      7.85
    8.40      7.95
   -1.86      5.69
    3.25     -3.22
    9.28      5.66
   -0.01      8.56
   -1.93     -9.37
    3.61     -9.63
    8.10      3.35
    6.36      9.12
   -1.96     -0.68
   -8.39      9.99
    3.89      1.84
    0.03     -9.56
    2.23      9.46
   -8.73     -5.85
   -8.54     -7.95
   -1.65      3.59
    7.75      9.84
    8.31      7.71
    3.48      1.65
   -7.17     -3.49
    5.41      4.58
   -4.33     -1.76
   -5.23     -2.61
    9.95     -9.82
    8.38      0.59
   -8.58     -0.73
    3.58      9.67
   -3.53     -2.27
    2.37     -6.49
   -3.96      4.78
   -4.99      4.28
   -9.59      4.79
    9.27      0.30
   -8.35      7.46
    4.21     -7.37
    3.66     -0.64
    2.77      0.30
    8.68      5.11
   -3.02      3.52
    9.65     -1.54
   -6.18      5.63
    1.13     -8.56
   -8.39      9.36
    8.96     -7.45
    0.35      1.56
   -1.26      4.89
   -4.41      3.67
   -0.25     -2.30
    0.53     -7.86
   -6.64      7.81
    3.29     -6.22
    3.26      8.44
    0.37      9.68
    4.46     -6.99
    3.35     -8.17
    7.69     -2.39
    4.17     -6.47
    1.95      2.37
   -1.49      7.65
   -5.70     -9.29
    2.59      1.14
    1.52     -2.15
   -0.95     -1.50
   -2.71     -5.77
   -0.55     -6.01
   -6.86     -3.88
   -0.35     -4.73
   -2.29     -1.94
    9.79      2.59
   -7.75      8.51
    9.98     -2.29
    4.06     -2.87
    5.67      5.55
   -6.13     -2.22
   -1.28     -7.55
    7.40     -9.73
   -3.04      6.65
   -2.93     -9.07
   -2.98     -4.50
    7.65     -3.33
    3.21      0.49
    1.26      7.55
   -2.18      6.87
    6.81      3.59
   -1.01      1.79
   -6.80      4.37
    5.12     -0.27
   -5.52     -0.40
    2.82     -0.63
   -0.05      8.38
    6.92      5.45
    4.45     -7.11
    5.28      6.23
   -1.31      2.57
    4.24      3.03
    6.70     -6.04
   -5.97      7.10
    7.83     -4.18
    6.91      4.11
   -1.44     -5.59
   -1.67     -4.60
    2.98     -3.34
    4.24     -1.48
   -5.65      1.60
    5.55     -9.54
   -6.46     -3.23
   -2.76     -0.62
    3.23      8.55
    9.03      0.69
   -5.17     -6.26
    7.79      3.31
    8.20     -0.96
   -3.48     -6.30
    0.90      6.57
    5.99      0.19
   -1.62      4.80
    7.24      7.71
    1.68     -0.72
   -6.22     -7.80
    7.71     -9.05
    8.72     -4.32
    3.53     -0.13
   -7.68      3.51
   -0.69     -8.85
   -4.72      5.33
   -9.08     -3.31
    4.26     -8.31
    3.06     -8.01
   -8.51      3.53
    7.94      9.12
    9.41     -0.12
    6.94      7.92
    1.36     -9.24
   -2.62     -6.38
   -0.74     -7.58
   -9.89     -1.15
   -6.28      1.10
   -9.80      2.69
    8.55     -6.73
    5.87     -5.17
   -5.21      7.72
    5.34     -5.08
    7.92     -4.47
   -5.32      6.00
    5.63     -8.74
    7.05      2.97
    5.14     -4.01
    1.74      0.31
    7.70     -0.70
   -4.47      4.83
    7.40      7.85
   -0.08     -0.80
    8.41      3.55
   -2.55     -4.36
    1.01      0.44
   -9.79     -7.05
    6.99      6.40
   -5.65      3.69
   -6.20     -0.41
   -6.68      6.52
   -8.24     -1.57
   -5.20      1.35
    4.61     -9.63
    8.93      7.87
   -0.84     -0.39
    0.64     -5.20
    2.97     -5.02
    9.83      0.08
   -1.27      2.57
    1.44      3.62
   -2.07      0.36
    7.36      4.13
   -3.40     -9.11
   -8.11     -3.02
    0.36      2.78
   -4.13      1.55
   -8.72      1.81
   -7.68      1.64
   -4.10      6.28
   -6.62      9.12
   -3.15     -9.52
   -7.55      2.59
   -1.62     -6.85
    4.20      6.30
   -6.58     -9.29
    0.74      9.42
   -9.92      4.40
    4.75      0.99
   -5.95     -3.92
    2.81     -7.60
   -2.16     -2.69
   -2.14     -2.01
   -8.33      5.82
    2.04     -4.41
   -1.09     -9.57
   -9.23      3.09
   -3.77      2.65
    7.31     -1.86
    6.23      3.39
    0.72     -5.71
   -7.25     -2.18
    1.29     -2.36
   -6.69      0.82
    2.22     -4.00
    5.68     -2.29
   -4.77     -4.76
   -7.49      4.12
   -7.15      0.24
    8.01      8.42
   -0.94      0.41
   -1.08      5.35
    9.14      5.55
   -2.86     -2.31
    0.42      1.59
    1.41      9.73
   -9.12     -8.15
    7.09      7.97
    8.83     -9.65
    1.39     -0.91
   -4.59      8.67
    3.21      2.29
   -2.84     -6.67
   -6.28     -4.74
   -2.81     -6.90
   -7.85      8.86
    3.71      8.12
    9.62     -1.96
   -7.32     -3.26
   -4.62     -7.19
   -7.20      3.30
   -2.18     -8.67
    8.85     -1.09
   -1.83     -3.72
    1.44     -7.27
    0.87     -7.76
    5.13      9.16
    5.86      2.74
   -2.97      2.78
   -0.69      9.94
    0.33      6.58
   -3.58      8.75
   -5.87     -2.21
    9.30      5.83
   -9.81     -0.46
    3.26      0.91
    8.63     -1.91
   -2.58      9.00
    5.74     -6.49
   -0.42      6.60
    2.50      5.29
   -7.97      8.76
   -1.65      7.26
   -2.78      0.50
   -7.03     -8.02
    7.80      5.51
   -5.41     -2.89
   -0.10     -5.94
    4.21     -7.14
   -5.98      1.64
   -9.62      5.77
   -0.51      2.51
    7.58     -9.39
    4.09      8.50
    2.18      9.32
    1.45      0.39
    3.90      7.70
   -6.40     -0.50
   -6.68     -4.06
    5.16      0.79
    3.52     -9.88
    6.28      1.81
   -8.59      7.83
   -1.68      1.56
    5.43      1.26
    7.93     -6.18
   -3.36     -5.00
   -1.03      8.25
   -9.24      8.19
    0.01     -3.77
   -7.82     -1.37
   -4.92     -0.58
   -2.75     -3.82
   -7.03     -9.04
   -6.32      9.80
    9.23      2.43
   -2.35      2.73
    5.51      5.14
   -2.37      5.23
   -5.15     -8.37
    6.76      2.13
    9.82      6.54
   -5.61      3.92
    9.36      0.52
    4.69     -7.36
   -1.48     -3.32
    8.12     -7.96
   -6.58     -9.99
    2.89     -0.01
   -0.49     -1.77
    5.31      1.01
   -5.03     -0.81
   -2.69      4.16
   -7.70     -9.17
   -4.27      8.71
   -4.49      4.58
    7.00     -8.85
   -8.75      3.95
    4.43      3.23
   -7.63     -3.16
    2.16     -3.38
   -9.35     -6.76
   -9.96     -6.79
   -2.37     -4.23
    8.05      2.09
   -9.94     -6.72
   -6.04     -8.12
   -7.49      8.03
   -5.57     -5.56
   -8.69      6.64
   -7.00      9.39
    6.30     -8.05
    5.59     -0.13
    8.51     -9.23
    6.24      8.39
   -2.94     -7.76
   -4.64      9.71
   -4.56      3.47
    1.30     -4.23
   -1.49      4.87
    2.98     -8.21
    6.60     -1.24
   -2.99     -0.42
   -8.68      4.82
   -5.85     -3.99
   -6.61      5.09
    4.42      1.21
    0.95      1.88
   -8.00      5.92
   -9.32     -1.14
    1.29     -7.94
   -2.02      5.10
    9.61      9.86
    8.92     -2.82
   -9.74     -5.98
   -4.22      1.17
    1.42      7.21
    6.03     -6.55
   -8.70     -8.10
    7.93     -4.27
    9.77      7.53
   -9.47      3.81
   -6.74     -3.95
    3.41     -6.40
    4.76      7.10
    9.91      1.04
    9.71      5.00
    6.15     -1.32
   -6.31     -6.74
    1.00      5.10
    0.11      3.12
   -3.92     -4.36
    3.07      4.56
    9.23      1.13
    7.25     -5.43
   -3.95      3.19
    0.95     -8.23
    2.90     -0.49
   -9.86     -6.62
    2.99      3.56
    6.29      8.45
   -6.35     -3.40
    7.62      7.75
    1.85      8.38
   -3.98      7.64
   -9.15      6.88
   -1.27      1.05
    3.27     -6.97
   -4.38     -0.54
    5.53      7.65
   -6.36     -0.82
   -0.66     -4.29
   -2.58     -4.40
    4.37     -8.87
    7.66      7.65
    4.23     -7.35
    5.63     -6.59
    9.87      5.76
   -7.63     -3.16
    4.42      9.79
   -9.72     -4.35
   -4.64      4.75
   -2.00     -1.87
    4.95      5.11
    4.23      7.99
    6.74     -6.59
    0.98      1.43
   -9.09     -8.71
    9.42     -8.06
    5.43     -8.06
    1.07      3.71
   -3.35     -9.76
   -7.02     -7.26
   -8.09     -3.37
    4.87      0.41
   -6.15      9.00
   -8.04     -8.92
    8.48     -4.70
   -0.38      3.77
   -7.34      9.45
    6.41     -7.49
    4.15      3.09
   -6.06     -6.62
    3.93     -2.30
    7.58      2.98
   -7.62     -9.22
   -6.70     -9.48
   -1.25      1.49
   -5.15      8.72
   -0.60      6.98
   -4.57      0.94
   -7.48     -1.87
    4.65     -3.72
   -3.58      2.18
   -2.28     -7.17
   -5.10     -2.52
    9.91      5.87
   -3.73      3.16
    5.72     -9.19
    9.00      6.16
    4.60     -5.11
   -6.73      7.27
   -4.64      2.27
    2.81      1.96
   -2.94      0.92
    6.27      9.94
   -2.39      1.36
   -8.41      0.51
   -3.47     -3.72
    9.83     -2.15
    2.12     -8.43
    9.45     -1.41
   -2.58     -1.96
   -2.54      5.03
   -5.74      3.49
    9.49     -4.33
    3.67     -4.95
    4.42      9.41
   -6.52     -2.75
    8.51      6.89
    4.03      4.43
    6.13     -4.52
   -5.45      2.50
    5.56     -1.10
   -7.54     -2.62
    2.31     -1.73
    8.17      7.54
   -6.08      1.40
    7.17     -5.68
   -1.75     -6.28
   -3.83     -2.60
    0.23      2.79
    0.98      6.61
    3.50      3.67
    2.03      0.58
    5.98     -9.27
    4.49      4.25
    0.50      8.81
    8.13     -4.88
    5.80      6.48
    7.59     -9.40
   -0.19      6.22
   -8.76     -1.93
    7.13     -8.18
    3.03      2.71
   -5.89     -2.40
    9.07     -7.80
    5.60      9.26
   -5.14     -5.45
   -5.42     -4.39
    1.72     -8.91
   -2.10      5.89
    0.62     -1.11
   -9.53     -7.19
    8.24      1.20
   -3.38     -2.91
    1.81      8.25
   -7.53      5.29
    6.54      9.11
   -4.42      5.46
    3.44     -1.90
   -2.64      6.66
    1.03     -2.38
    9.47     -7.42
    8.41     -6.15
   -6.01      4.18
   -2.30      8.56
    3.02     -6.71
   -5.99      4.10
    4.73     -6.41
   -2.26     -8.32
   -4.30     -5.42
    2.66     -2.98
    4.89     -6.12
    8.20      9.96
    3.76     -0.84
   -2.40      7.59
   -0.39      2.66
   -7.90      3.10
    5.17     -0.81
    8.59     -8.25
    0.30      5.56
   -2.81     -5.44
    8.33     -8.91
    1.15     -3.01
   -1.41     -4.50
    1.49     -5.28
   -4.24      8.35
   -2.87     -5.73
    1.26     -5.43
    8.01     -1.83
    8.08     -7.35
   -0.93     -3.49
    5.26      6.97
   -2.74      6.03
    8.64     -0.79
    6.14     -5.93
   -7.09      9.58
    3.04     -4.19
    4.07      1.48
   -8.12     -5.43
    3.31      2.30
   -4.69      7.29
    5.92     -3.90
    6.12     -3.69
   -7.23      1.13
    1.03     -5.89
   -2.34      5.91
    4.18     -6.11
   -3.84     -8.22
   -1.97     -0.94
   -5.58      6.15
   -4.04     -5.00
   -3.84      6.42
    4.17      8.45
    7.48     -9.06
    8.70     -7.21
    8.70     -0.60
    9.15     -8.89
    8.35     -8.94
    4.70      9.85
    7.07     -8.97
   -0.03      1.08
    6.08      2.39
    3.78      9.56
   -1.15     -6.51
    2.64      2.27
    8.06      5.29
    2.71     -0.36
   -5.25     -0.04
   -3.84      1.16
   -7.58      8.54
   -8.65     -0.14
    3.57      5.26
    8.41     -4.03
    5.71     -6.26
   -0.34     -1.99
   -2.02      2.35
   -8.05     -1.42
    7.97     -4.53
   -6.70     -6.58
    0.89     -0.54
    9.34     -4.04
   -6.62      3.40
    7.50     -3.06
   -9.30     -0.54
   -6.26     -2.21
   -2.31     -8.93
    2.15     -9.07
   -8.91     -0.32
    1.18     -0.36
    0.40     -2.79
    2.39      8.21
   -6.12      8.46
   -6.29     -6.71
    2.44     -9.50
   -0.41     -1.95
   -9.38      7.11
    8.60     -3.87
    8.16      6.55
   -0.17     -6.56
   -9.62     -8.11
    0.31     -1.80
   -4.17     -0.27
   -3.38      4.97
    8.00     -7.25
    7.35     -0.73
    1.95     -1.28
   -7.35     -5.31
    0.50     -3.56
    6.50     -1.76
    1.85      2.04
   -3.29     -0.05
    8.19     -3.02
    3.65      4.44
    6.17      6.22
    4.62     -8.31
    7.47      3.57
   -9.32      3.63
    6.46      5.79
   -0.10      8.53
    9.21     -2.35
   -9.37      6.56
   -6.41     -9.57
   -3.54      7.18
    3.50     -1.71
   -7.03     -4.29
   -9.88      2.89
   -6.90      7.97
   -9.57     -8.58
    9.57     -2.72
   -3.16     -4.47
    7.63      2.20
    1.01      6.02
    1.42      2.14
    9.02      1.85
    5.06     -1.92
    3.62     -5.46
   -1.73      4.13
    7.37      0.62
    7.72      4.94
    9.64      9.63
    2.15      7.50
   -9.29      7.18
    8.95      8.10
   -7.44     -9.77
    9.59      8.73
    4.27      1.42
    3.22     -6.06
    9.10      5.98
   -7.80      0.55
    0.48     -6.19
    7.74      3.59
   -4.73      8.90
   -2.05     -5.45
    7.26     -0.10
   -5.84     -7.72
    7.20     -3.60
    1.29     -6.50
    7.39      6.94
    8.25      4.72
   -9.58     -4.27
    7.60      4.55
   -1.41     -8.21
    7.37     -6.15
    6.39     -0.39
    9.18      1.19
   -6.96     -5.01
   -0.52      1.02
   -9.32      4.41
   -3.10      3.81
    9.87     -6.40
    7.26      5.07
   -3.26     -0.21
    4.77      2.55
    9.40      3.29
    2.96      4.73
   -7.58      6.89
    7.21     -5.55
   -1.06      1.21
   -1.30     -5.09
    8.81     -0.20
    9.09      3.40
    0.33      8.36
   -4.97      2.03
    7.60      9.49
   -0.10     -9.63
    8.09     -2.02
    0.08      5.56
   -0.27     -1.20
    9.62      2.48
   -5.55      9.91
    2.83     -7.99
   -6.30     -8.16
   -5.57     -0.10
    5.77      5.14
   -8.91      1.34
   -3.40     -9.69
    2.59      8.84
   -2.59     -7.49
   -5.19     -4.91
    7.61      4.86
    0.41     -5.46
    7.22      9.03
    7.89     -7.59
    1.95      6.71
   -4.57     -4.81
    6.33     -5.99
    1.73     -4.37
    3.59     -1.13
    1.06      4.78
    1.58      1.55
   -1.01      3.74
    9.97     -9.69
    5.21     -8.34
   -6.08     -3.19
   -7.53     -6.31
   -7.98     -3.63
   -9.78     -2.31
    4.16     -8.45
   -9.75      2.64
   -9.69      4.51
    1.00      3.96
    9.31     -0.94
    7.00     -0.49
   -4.90      0.68
   -4.61      4.50
    8.64      3.02
   -7.67      2.04
   -2.42      3.34
   -5.35      9.93
    4.44      0.15
    5.55      1.57
   -4.05      4.96
    5.63     -5.77
   -4.31      3.72
   -0.77     -8.19
    8.27     -8.15
   -1.02     -1.25
    2.68     -7.08
    0.53      5.55
   -5.25      4.46
    9.32      5.44
    2.71     -3.81
    1.32     -2.66
    0.81      8.04
    6.46      1.48
   -0.17     -4.40
   -5.86     -2.03
   -5.85      5.73
   -8.62      7.20
   -6.10      3.51
   -2.42      1.52
    1.59     -3.07
   -1.11     -1.38
   -8.72      1.09
    2.12     -9.54
    9.16      4.12
    6.94     -2.10
   -4.47      9.46
    0.20     -6.85
   -3.28      3.91
    2.19     -7.77
    0.70      3.80
   -4.78      5.59
    6.19      6.32
   -7.73     -9.73
    3.37     -7.43
   -5.87     -8.73
