    -124.358174     -57.479057
      -9.595497     -15.120372
      59.890364      76.494669
     -31.273701       7.878595
      50.053162      69.270126
      65.633954      80.257037
     -92.682969     -41.557695
     -87.353643     -26.729278
    -101.855075     -37.362271
       1.568676      15.503412
    -112.378973     -44.949434
    -102.729779     -37.619220
     -23.800623      18.867327
    -116.033858     -47.242591
      -2.947237      16.778948
      -1.769504      -8.553948
       5.123592       4.208093
      -7.112610       7.464209
      84.133763      92.445118
     -19.766150      20.712971
     -15.726230     -15.975178
     -26.640946      14.684444
     -90.222715     -28.514532
    -118.543333     -55.490413
       5.551639      38.526897
     -24.202239      -7.906036
      62.861433      78.157715
    -124.219348     -55.191481
     -35.205931     -11.915296
      -8.438608      10.647323
      43.303829      64.542351
      -2.001173      -9.436768
      -1.217664      -1.768019
      56.021168      74.023120
      84.986368      94.135079
    -111.323514     -51.348852
      13.659655      44.767099
     -30.327598      13.923151
       0.612947      15.209747
     -15.676623       9.207567
      -7.580500     -13.757172
    -118.589963     -49.988520
     -64.530515     -26.713195
     -28.938965       0.411148
     -16.153809      17.317693
     -78.869821     -20.839459
    -122.786258     -56.682758
     -12.303980      26.185737
      35.291590      59.177934
      -8.526126      11.642656
      -1.333157      -2.735954
     -88.055691     -27.361874
      32.728090      57.815804
       2.589127      14.213332
     -31.137663      13.509505
      49.275091      68.738282
     -48.950759     -19.203034
      -5.773021      30.458872
     -12.116614     -11.946733
     -13.933109     -16.184782
      60.376810      77.256701
     -19.222131      -8.245804
     -20.745186      -8.341289
     -27.244788      -1.757555
     -99.362406     -35.330517
     -34.357555      10.480294
     -81.265452     -21.704329
     -97.554234     -45.282300
     -44.889853       3.292931
     -25.775363      14.941096
     -87.744778     -39.735297
     100.343001     104.330363
     -27.720612      16.134764
    -121.216665     -52.393491
      36.899761      60.168435
      -4.268269       0.371630
      29.553444      55.633937
       3.263954       0.164890
      39.117826      61.862409
     -17.318529     -10.132454
      70.860983      84.445051
     -39.135536     -14.157204
     -59.812131     -24.633702
     -22.634278       5.928465
     -17.082751      17.457946
     -13.714278       5.432592
    -101.483295     -46.619074
      61.306653      77.416673
     -13.280308      26.055698
     -54.864757     -22.375377
     -25.339368      -3.775878
     -16.691419     -15.987077
     -76.753711     -33.506346
      -2.697032      33.397084
     -18.622500       1.559942
       0.000000       0.000000
      27.538931      53.624526
      -0.632506      -6.178866
       3.403938      13.086553
    -111.931382     -44.166822
     -70.835559     -14.250478
     -17.616719     -16.143012
    -105.568192     -49.046873
     -20.714864      10.697913
      -0.264730      15.605205
      90.075873      97.187020
      66.854046      81.658777
      57.464993      75.208415
     -97.680921     -33.790999
      -9.252209      -6.532571
     -11.413695     -15.320628
      -3.894655      16.700718
      -2.773059      -9.904923
     -19.412929      -9.537859
     -31.681189       6.857155
      -4.167599      31.357981
       8.442787      41.057301
    -117.255950     -54.907181
     -90.882700     -29.196012
     -53.645626     -21.077047
     -78.157446     -34.790196
    -119.513617     -50.297151
      -9.057200      12.398171
      -2.949273      -0.974323
     -14.672801      24.839200
     -13.139642      -3.394381
    -125.625001     -56.839759
      83.263505      92.139926
     -84.760798     -24.316016
      -5.880314       3.717916
      25.048678      52.332372
      31.177153      56.979237
      85.957047      94.069566
     -19.158198       2.391715
     -85.222287     -38.545230
      -1.875529      32.984433
     -58.291085     -23.894165
     -15.561030       5.317719
     -22.569405      -7.927953
    -102.794607     -47.241772
    -110.384224     -51.447961
    -104.681924     -48.637640
     -29.229233      12.310855
      91.489263      98.413929
      39.969948      62.175304
       4.977859       6.937356
     -23.019781       9.851332
    -108.037346     -42.108530
     -78.480964     -20.015429
    -116.427333     -48.150563
      94.842583      99.965288
    -123.445871     -54.697360
     -11.198722      17.438499
     -50.286372       0.106747
     -86.848047     -39.621229
       1.956963      -3.253840
     -13.331772     -15.479399
       0.703569      -4.439305
     -22.319555      19.516877
     -18.742708      22.027294
    -120.492417     -51.708090
     -36.031348       9.592341
     -21.218569      15.772639
      67.690147      82.004857
       5.389780       9.722209
    -105.865745     -39.625139
     -70.293641     -29.698520
     -55.688888      -3.759139
     -74.043230     -16.799181
      -5.247599       1.919538
      64.694007      80.031539
       7.292535      39.498604
     -91.121135     -41.277473
     -35.830920     -12.625362
     -18.939743     -10.350398
    -106.472563     -49.370412
    -125.004395     -55.773092
     -32.577438      12.680085
      -8.757902      17.500509
      41.070863      63.149266
     -88.788258     -27.881054
       3.528516      37.247588
      53.150261      71.738045
     -47.892290       1.079537
     -34.598120      11.436206
      73.110658      85.845923
     -63.574970     -26.421814
     -85.763439     -25.673313
      -2.883710      -1.892347
      -3.583276      -0.298378
      68.601798      82.200285
     -29.470689      14.404565
     -84.441484     -37.941480
     -22.403371      10.528566
     -83.363262     -23.014619
      -6.752821      30.298634
      33.599662      58.235557
     -86.542166     -26.268698
      -8.072287      29.346354
     -94.084284     -42.743702
     -89.589487     -40.159171
     -31.118760       3.710564
     -52.961456      -1.504958
     -31.777580       4.424457
     -73.169015     -16.584580
      82.394899      91.785989
     -69.427973     -13.328309
      -5.622501      17.362920
     -29.752150       0.813612
      25.863272      52.898433
      48.124329      68.481606
     -45.564888       2.615012
     -24.931873      15.266100
      62.211719      77.473654
     -74.694693     -32.424623
     -18.634174     -14.634280
     -49.755001     -19.664230
      -5.587438       2.816872
      55.267350      73.383636
     -23.889964      -4.865530
     -15.545545     -10.489709
      38.217916      61.441340
       5.307622       7.871362
     -32.820810     -10.838735
     -17.667381      10.673156
      -0.148358      34.489688
     -24.982835      -8.420798
      -9.856959      -5.503958
     -20.689842      -7.230273
      -7.184091     -12.881308
    -121.884275     -56.448754
      -9.019638     -10.839734
     -83.615862     -37.475565
     -61.247838      -8.006477
     -91.642720     -29.825026
    -108.910925     -42.527099
       4.631024      10.872096
     -27.134380      13.919361
    -112.609107     -52.694364
     -12.943181     -11.461800
     -15.090556      23.964072
      93.922967      99.604085
     -33.414554     -11.512235
     -14.491007      -2.013929
     -61.091142     -25.638887
     -16.374421     -10.092706
      15.341762      45.555973
     -67.316089     -28.706652
     -57.138525      -5.041643
     -19.664796       3.198079
      32.105774      57.080279
    -125.899398     -55.891933
     -13.084123       7.155609
      19.774784      48.165061
     -18.954247      21.151261
      75.105326      87.436790
       3.962673      38.086787
       2.436091      -2.471233
       4.147075      12.582788
     -23.404202       8.122366
     -46.499017       2.312288
     -18.620044      10.458369
     -63.156932      -9.644613
       4.131956       2.818595
      52.696433      70.914006
     -26.160624      -8.990132
     -64.099404      -9.934559
     -69.458756     -29.304972
     -19.269823     -13.887115
      16.300256      45.687793
     -17.603609      16.616371
      50.974311      70.153340
      -3.520739      32.894792
     -81.839813     -36.852138
     -84.932900     -25.209601
      26.766420      53.085322
      -4.223867     -10.925102
       3.973111       1.930360
     -28.824439      -9.182420
     -48.039843     -18.855676
      45.487652      66.092825
     -13.515996      17.768517
       2.513629      15.205389
     -20.427432       3.672488
      -7.696639      10.145326
     -66.594750     -11.232404
    -123.411356     -57.450725
     -11.594949       9.389648
      18.566712      46.982051
      -3.333933     -10.640849
     -51.885237      -0.825049
     -18.174060     -15.415655
       4.838023      37.851088
     -91.816302     -41.842980
      30.525778      55.680508
      -4.931808      30.845450
     -40.980525       5.869188
      -0.595722      16.535262
      77.814312      88.689374
      19.670350      49.140224
     -99.798358     -36.129176
      54.052311      72.134729
     -65.851930     -27.611602
      43.989251      65.224071
     -68.102918     -12.032423
     -30.904541      11.365297
       0.553350      35.116387
     -65.743701     -10.851644
      -6.705609       8.265253
      10.296886      41.530113
     -53.623914      -2.106963
     -19.822241      11.109547
      -8.026775      -8.714099
     -11.974718      10.297725
      92.464099      98.543223
     -88.715734     -39.727316
     -96.933171     -44.596033
     -69.921136     -14.182514
      89.182165      96.837371
     -77.633246     -19.632462
     -79.900421     -35.267335
    -100.720798     -35.814690
      79.225821      90.029198
     -15.628436      -0.593733
     -11.346838      13.493793
     -84.223830     -23.478342
     -54.033566     -21.907739
      -2.271841      -2.662936
      -9.369763     -11.773695
     -26.671322      -2.501506
    -119.684588     -51.223461
     -81.561595     -22.628928
       4.687456       4.995790
     -18.567113      16.618287
    -104.373770     -47.756949
      -8.736609      -7.317761
     -16.438245      -0.037346
    -107.233546     -40.902295
      98.948736     103.097063
     -37.549230     -13.354175
     -11.991757      11.798364
     -25.847159      -8.101017
     -23.029410       8.941309
     -67.189386     -11.967527
       0.929188      36.011983
     -20.239983      -9.098900
     -58.834658     -24.669406
      93.076515      99.255954
      -1.794311      33.892190
      78.322565      89.472905
     -13.531115       4.468917
      69.371235      82.778264
      -9.370261      28.098290
      28.777840      55.006209
     -74.837332     -17.370743
     -76.660814     -19.508371
    -106.611298     -40.188675
     -66.422140     -28.345671
     -34.322203     -11.597926
     -16.797498      10.452675
     -47.355214       1.826185
     -24.837038      17.630654
     -72.388468     -16.059243
      -8.446394     -14.174031
    -103.439839     -38.256837
     -11.382015      26.367998
     -92.892396     -30.438812
     -31.114497       8.769265
     -30.213344     -10.111862
      -4.678039      17.320475
     -42.366737     -15.986116
     -44.084331     -16.638229
     -95.454969     -32.528489
      -7.098176      29.467224
      46.124756      66.794428
      88.255278      95.703000
     -29.898149       2.231057
     -89.722414     -27.688282
     -78.986803     -35.150305
      -4.239185      32.323727
      11.829496      43.234784
     -20.416705      16.273004
       7.796852      40.307339
     -29.977492      11.672831
      74.090354      85.893068
     -15.891760      24.496797
     -43.348461       4.588647
     -10.196819      -6.367606
      -6.231475       7.185199
      -5.101263     -11.356721
      -7.643856       8.319442
      50.063662      70.249320
      42.397907      64.410789
     -92.538859     -29.593732
       5.810103       6.442221
     -18.928531      11.339974
       3.492022      14.049680
     -96.421402     -32.421021
     -93.187976     -31.360910
     -10.692274      -4.657706
     -19.796998      -7.548340
     -80.375496     -21.797468
    -108.011490     -50.140564
       5.222203       8.771943
     -59.886466      -6.819995
    -122.082785     -52.735614
     -72.061698     -31.651877
     -16.234185       6.911082
      -9.660301      13.125735
     -18.184290       0.742880
     -23.953899      17.958612
     -13.067124       6.170315
     -17.694304      -9.276964
       3.542723       1.053736
    -115.614893     -54.097081
      -1.070568      34.492958
     -19.503802     -11.132520
     -22.584000      -5.963726
     -12.992094      17.017625
      51.783568      70.723962
     -43.121965     -16.504279
     -16.580077       9.478011
     -16.218199       5.974222
     -13.897713      25.386322
      17.653891      46.838059
    -112.141881     -51.852612
       5.687916      39.452668
     -27.954472      -9.415379
      40.123008      63.147752
      58.314672      75.545160
      23.309714      51.462113
     -51.507050     -20.187404
     -41.595637     -15.502206
       9.331762      41.284535
      41.857295      63.630882
     -11.195527     -11.632873
     -38.285999     -13.862865
    -116.468586     -54.368160
     -30.858123       9.680936
      -8.180919     -10.492214
     -30.409404       3.117391
     -93.217983     -42.381115
     -12.912080       8.075347
     -15.203326      -1.440772
     -75.449574     -18.125937
     -68.710690     -29.827983
     -39.238193       7.768537
     -35.112586       9.923819
      13.032781      44.113451
    -113.933359     -45.974159
    -125.277903     -57.737144
     -54.389469      -2.713801
    -109.884605     -42.528865
     -72.256598     -15.131116
      -9.599705      17.938212
     -11.658717      -4.872958
     -58.662051      -5.983521
     -21.155205       4.280154
       5.527693      10.706439
      -0.227815      -0.900193
     -80.948124     -36.468134
      81.551654      91.381337
     -62.695482     -26.061675
       2.828688      36.556835
     -21.716340      -8.282886
     -31.612622      12.707226
     -80.833527     -35.543989
     -19.744132     -12.020999
      96.308331     101.456144
     -25.810018      17.469854
      -7.872995      17.126046
     -14.481923      17.760783
     -24.694084      -4.415307
      -1.980235      16.811913
     -11.358534      11.055272
      54.977763      72.486150
       1.855687      36.384942
    -100.525584     -46.430235
    -104.173168     -38.928743
    -113.989947     -53.463403
     -82.693039     -37.232458
     -99.170401     -34.449821
    -101.088382     -36.723810
      46.640258      67.607991
     -26.090427      16.584821
    -111.075142     -43.655172
      72.656473      85.021181
     -56.528687     -23.364904
     -16.493728      23.766820
     -22.308683       5.069005
     -28.072122      -1.255203
      -9.005859      28.996566
     -45.033375       4.230114
     -98.225060     -34.623248
    -113.537850     -52.627137
     -41.931402       5.873815
    -109.766060     -50.791605
     -75.824164     -33.760122
     -96.958611     -33.220230
     -67.892103     -29.461477
      75.890034      87.907465
     -51.716708     -21.143673
     -14.837084       4.759219
     -12.099579      17.208435
     -10.814406      -5.566720
     -18.092737      22.712709
      14.385934      45.383051
     -21.512567      10.133175
     -22.883892      18.771761
    -119.494473     -55.675863
      11.355881      42.432432
      10.446092      42.492312
      31.445256      56.071490
     -94.120068     -31.714371
     -33.719251      11.878973
      -7.378313      17.932861
      22.923041      50.617721
      -1.419501      16.032686
     -30.863921     -10.829812
    -115.215585     -46.678026
    -101.910228     -47.416271
      -0.575984      -7.148060
      -5.571193       5.465732
      44.596445      66.013131
     -19.485252     -12.918413
     -18.422067      -8.662609
     -28.587449      14.669615
     -56.447691      -4.360247
     -52.665631     -21.153734
     -57.502489     -23.298678
      95.529860     100.899182
     -19.477702      16.377308
     -29.310029     -10.038944
      79.963024      90.599992
     -28.028476      13.691509
      66.096295      81.041227
     -10.259964      27.774153
     -32.121152       5.314672
     -55.757687     -22.759615
       4.966112       3.285340
     -73.037033     -31.666585
      34.420896      58.717938
     -95.818503     -43.400258
      59.004230      76.250754
     -14.708246     -10.936780
     -23.014661      15.300153
     -94.932087     -43.039193
    -108.146682     -41.165143
     -27.116109      -8.918754
     -57.782424      -5.738286
     -10.516301      18.043089
    -110.172586     -43.412762
      63.871341      79.671927
     -64.960592     -10.399310
      18.823386      47.891675
    -117.049853     -48.817597
    -114.914563     -53.454035
     -12.407539     -15.367729
    -118.170333     -54.668491
     -28.862966      13.145129
     -62.374347      -9.203329
      -5.577361     -12.136089
     -13.756578      -2.641717
      -8.823048      -8.295511
     -99.263110     -45.722121
     -32.801544      11.800688
      22.120738      50.059009
     -77.475200     -34.196082
      -6.476311     -12.191117
    -120.429322     -55.688335
     -32.150053       7.647304
    -100.231657     -45.581830
     -36.766763       9.056126
       4.657275      11.807582
     -62.135468      -8.241547
     -70.938525     -30.402670
      97.239275     101.613778
     -23.394494      -7.516359
     -23.550716      -5.712834
      16.772343      46.568112
     -15.706490       7.754135
     -50.712479     -19.722435
      -9.441634     -14.187079
      12.760365      43.167210
       5.334951       5.648978
      56.747291      74.588267
     -61.821969     -26.261874
      97.447135     102.516807
     -71.334778     -15.046973
      -0.264336      -1.865050
     -17.267006       0.394734
    -120.985090     -56.500538
      90.623453      97.961281
     -37.650863       8.763788
    -123.000763     -53.089130
     -30.483821      10.510975
       0.316720      -6.053276
     -21.676732      -7.254491
       3.058614      -1.758279
      84.749544      93.163680
     -96.071018     -44.283736
      86.504507      94.881455
       1.593519      -4.123162
     -71.834668     -30.776466
    -107.110875     -50.022692
     -16.273719       8.485808
     -10.282539     -11.562643
     -21.348635       5.179060
     -10.872926      14.336291
     -31.413533       5.948888
      98.398115     102.353861
     -11.331013      12.495582
      -6.009552       6.278764
     -14.335276       4.009534
     -20.688168      20.495872
     -13.846261     -11.318129
      24.228892      51.841221
     -95.058565     -31.692276
     -14.808129     -15.701795
      74.686953      86.571737
      79.130677      89.038058
      88.252208      96.648422
     -55.266869      -2.925555
     -45.542694     -17.445135
     -12.206652       8.668944
      87.405483      95.256151
     -47.151423     -18.488235
     -23.412075       6.450359
     -23.972328      15.177335
      20.646358      49.042444
      99.706242     103.692652
      76.861469      88.869327
     -22.150900      15.741329
      47.237020      68.348319
     -48.809763       1.180260
     -39.756896       7.024261
     -51.164283      -0.170636
       3.154145      -0.770172
     -21.680613      -6.293799
     -38.374596       8.216932
     -86.062058     -39.019892
      48.575188      69.301220
     -11.540756      -3.945698
     -46.349271     -17.907580
      63.364739      78.912998
     -60.570936      -7.411864
     -26.777701      15.989459
     -28.375690      -0.322727
     -23.840606       7.237867
       6.530756      39.987242
      -4.874895       1.070814
     -75.607278     -32.802477
     -11.085518      27.286488
     -90.471972     -40.619145
    -105.160509     -38.982269
      80.847876      90.738844
     -60.149993     -25.496470
     -79.795963     -21.042011
     -15.219301      17.156355
     -31.840781     -10.736602
      -5.536475       4.558551
     -36.605041     -13.129892
      -7.793711      -9.646397
     -39.953023     -14.563040
      -6.536065      17.422417
     -27.750807      15.211793
    -108.933739     -50.388776
     -42.523396       5.099213
     -98.288378     -45.794371
    -113.234601     -45.391340
     -10.518475     -15.491707
      70.665858      83.544699
       0.967689      -5.367660
     -45.014864     -16.625127
     -12.507149      -4.036476
    -114.256769     -46.886662
     -73.931739     -31.928682
      69.740946      83.637137
     -21.481125      19.927789
     -44.132519       4.125376
     -49.411921       0.423124
     -76.011420     -18.840939
      71.694758      84.867965
     -82.513230     -22.719075
    -117.899858     -49.314714
     -59.574148      -5.910732
     -25.886993      -2.982509
     -30.866712       2.336398
     -40.793893     -15.080281
    -103.476896     -47.969550
     -52.093616      -1.742760
     -17.183086      23.097122
      36.067270      59.753902
      21.187670      49.851501
     -40.702342       6.727107
      76.861072      87.966285
     -68.686433     -12.740049
      94.580820     100.824375
      -9.969874      14.033369
      27.975429      54.510429
     -29.221706       1.543223
     -64.901269     -27.636217
      -1.053736      -7.939287
      -7.690258       9.240391
      37.440613      60.992017
