     -27.477246      -1.977069
     -20.696428      -7.234707
      -4.268269       0.371630
      -3.322528      -9.942022
      -9.013581     -10.835655
      -2.787292      16.872148
     -10.667191      17.237588
      -7.112608       7.464210
     -12.912089       8.075342
       4.621727       5.146041
     -16.797584      10.452617
     -32.330840       7.205710
     -30.300853      11.359453
      -9.252860      -6.533009
     -17.268712       0.393586
     -13.758544      -2.643041
      -9.057198      12.398173
     -10.197861      -6.368307
      -1.873849      16.693441
      -7.690255       9.240393
       5.167457       8.639047
     -31.800841       8.018757
     -21.512117      10.133478
      -9.914213      17.728323
     -12.936740     -11.457464
       0.605470      15.424192
     -22.945109     -13.180080
     -21.685201      -7.260193
     -11.594959       9.389641
      -8.947690      17.830735
      -0.561033      -6.868836
     -31.090618      10.763212
      -5.272871      17.133037
     -22.308993       5.068797
     -15.413143     -14.987102
     -16.618058      17.582404
     -16.273845       8.485724
     -11.346843      13.493789
     -10.693834      -4.658756
     -10.283948     -14.991373
       2.793409      -1.705329
     -32.197936       6.261512
     -17.317585     -10.131819
     -26.099335      -3.131926
     -15.630347      -0.595020
     -23.840391       7.238012
      -2.949274      -0.974324
     -16.372300     -10.091278
       2.026931      -2.711443
      -3.806367     -10.790440
       1.555311      -3.830041
     -30.492467       3.324240
      -4.612656     -11.351655
      -8.176693     -10.489370
      -7.470137     -13.362767
     -11.358544      11.055265
       5.003290       7.742626
     -11.331021      12.495577
     -19.821957      11.109739
     -15.706574       7.754079
     -12.500668      17.587990
     -15.561004       5.317737
     -19.159494       2.390843
      -2.993134      -9.070830
     -25.680619     -11.461605
      -6.219989      17.283634
      -8.025382      -8.713161
     -31.501733       5.621029
     -14.492978      -2.015257
     -15.205282      -1.442089
     -10.872930      14.336288
      -4.351083      17.462276
     -11.970638     -14.670329
      -7.146294      17.338873
      -9.969875      14.033368
     -13.840417     -11.314195
     -24.723380      -4.372612
     -16.240579     -14.625262
      -2.271842      -2.662937
     -28.057611     -10.971550
       4.294186       4.275772
     -24.716763      14.708134
      -3.583276      -0.298378
     -27.854050      -1.155362
     -30.384972       1.659157
     -28.533117      13.192229
     -26.536548     -11.913127
       1.902873      -1.806736
     -30.510282      -9.792900
       5.002612       5.958977
      -9.660300      13.125736
     -31.325371       3.740259
     -31.911907       9.010576
     -23.403813       8.122628
       3.860896       0.522877
     -12.800085     -15.157937
     -11.652118      17.264020
      -1.333158      -2.735955
     -23.709442     -12.641667
     -24.061238      -4.991323
      -5.880312       3.717917
      -5.536473       4.558553
      -5.587437       2.816873
     -28.721444       0.760889
     -21.486074      15.701958
      -2.333102      -8.348641
      -5.817854     -12.687686
      -8.822267      -8.294985
      -0.264337      -1.865051
      -8.098907      17.326973
     -19.665894       3.197340
     -29.114288      12.451535
      -5.247598       1.919539
     -17.918500     -13.926541
     -13.457556      17.411631
      -8.438605      10.647324
      -7.643853       8.319444
     -21.167186     -12.990919
      -8.040108     -14.179779
       1.535540      15.328363
     -25.410483      14.084960
     -27.130641     -11.119740
     -30.062435      12.330379
      -2.883711      -1.892348
     -13.141560      -3.395672
     -11.974728      10.297718
     -23.836428      15.180656
      -1.380286      -8.332784
      -8.944843     -14.055123
     -31.261510       4.712957
     -21.349196       5.178682
     -16.234231       6.911051
     -14.534280     -14.633549
       4.780610       9.460288
       2.900033      14.069945
     -16.218215       5.974212
      -4.874895       1.070814
     -17.667395      10.673146
     -11.991767      11.798358
     -11.162852     -15.243170
     -23.019255       9.851687
     -25.292541      -3.598209
     -20.771310      16.327928
      -9.363058     -11.769180
     -12.509011      -4.037730
     -14.335243       4.009557
     -15.542382     -10.487580
      -0.901271      16.478646
     -26.340634      14.412404
      -8.526123      11.642657
     -22.634429       5.928363
     -14.301884      17.796381
     -29.441681       1.444431
       0.086582      -6.133864
       5.129556       6.846775
      -7.790957      -9.644542
     -20.508900     -13.599786
      -6.231473       7.185201
      -3.734155      16.739884
     -13.084129       7.155605
     -14.703388     -10.933509
     -21.690397      -6.300386
      -8.736797      -7.317887
     -31.579012       9.926940
     -18.619925      10.458449
       1.077438      -2.964985
     -11.660347      -4.874056
     -14.837046       4.759245
     -20.714481      10.698171
     -20.428423       3.671822
     -17.694282      -9.276949
     -13.531097       4.468930
       4.543939      10.370504
     -18.880774     -13.817289
     -19.790762     -14.188352
      -1.217664      -1.768020
     -17.121759     -14.440422
     -11.542494      -3.946868
      -9.858113      -5.504735
       3.682938      13.532576
       0.399312      -5.198255
     -18.423372      -8.663487
     -19.892282      16.804090
     -15.977963      16.895192
     -12.206662       8.668938
     -16.440086      -0.038585
      -9.333140     -14.935106
     -29.039958     -10.840412
       3.272369      -0.258330
     -22.935540      15.483725
       4.131451       3.388704
       0.000000       0.000000
     -18.185901       0.741795
     -12.109598     -11.942010
     -25.407240     -12.345182
     -23.412023       6.450394
     -28.775390      -1.027676
     -22.025092     -13.504645
     -15.676763       9.207472
     -13.714270       5.432597
       4.749244      12.061201
     -23.028902       8.941651
     -27.551280      13.327269
      -0.238914      15.807004
     -23.134537      -5.191861
     -18.928321      11.340115
     -13.571770     -14.677301
     -22.293681      16.184072
     -10.815710      -5.567598
     -22.402882      10.528895
       4.034246       1.500680
     -29.025955      -0.168712
       5.029750      11.207566
     -16.580209       9.477921
     -24.512653     -12.100372
     -22.594689      -5.970923
       0.838638      -4.399605
     -27.295363      14.275627
     -26.679765      -2.391809
       4.379962      12.929949
     -10.275253     -11.557737
     -17.550223      17.399915
     -18.968619      16.887070
      -5.428242     -11.852199
      -6.705607       8.265254
     -15.066732      17.214258
     -21.155931       4.279666
      -7.696636      10.145328
     -19.801843      -7.551602
     -13.067126       6.170315
      -6.560545     -13.270318
      -1.377042      -7.383311
     -30.026931       2.504082
     -18.623937       1.558974
      -0.227815      -0.900194
      -6.009550       6.278766
     -18.071893      16.549586
     -29.574504     -10.049324
       4.212038       2.442444
       2.123926      14.573194
      -5.571191       5.465733
     -19.224744      -8.247563
     -11.188169     -11.627919
      -1.000000      -1.000000

# seed = 12345
