      32.111631     -12.996549
      -1.570386      41.202629
      65.069828      14.632089
     106.415014      71.091730
       9.224810      48.678933
      -1.103722     -28.405828
     -24.343096      -8.820110
     107.115911      73.084340
     -61.495161     -24.998163
     -31.255800      18.755492
     -13.845743     -11.317594
      21.125380     -19.556659
      23.701267      59.604086
       2.611969      44.537908
     -16.273730       8.485797
    -107.463793     -41.911115
     -24.927836      15.270278
       3.230406       0.130169
      99.315472      59.875692
      -3.334207     -10.641131
    -129.165276     -60.600317
     -37.856701     -32.228262
     -92.480936     -41.424238
     -21.348684       5.179009
     101.987653      63.277771
       5.286827       7.849840
     -93.863051     -42.821490
     -28.413550     -31.954487
     -13.531113       4.468919
      -5.705796     -12.061478
      44.150673      -4.483890
       9.690161      49.490673
     -36.704487      15.087266
     -44.647620       8.517228
     -20.496860     -31.561154
    -120.055799     -51.914939
    -118.801817     -50.597376
    -116.776174     -49.023632
     -15.362620      30.769231
     102.334002     104.755692
     -23.551907      -5.714066
     -15.628605      -0.593908
      72.630199      22.988465
    -101.407818     -47.094829
    -124.663198     -60.879559
     -48.939599     -19.052628
     -69.636509      -9.958195
     -15.545264     -10.489420
      -0.657051      -6.204269
      -1.071276      -7.957440
    -124.621574     -55.993598
      76.066160      93.067274
      -8.438608      10.647323
     -91.202066     -27.894068
      69.011219      18.386295
      80.147055      95.022542
     -58.521800     -30.467815
     -30.904571      11.365267
     -30.859032       9.679997
     -23.009487      15.305508
       9.356520     -24.233065
    -124.397528     -59.968069
    -120.036938     -57.344003
     -92.747704     -28.834033
      20.139363      57.034413
      74.363192      92.458430
     -24.037512     -31.236720
       5.308858       5.621972
      68.936507      19.372221
      67.101849      16.496604
      -9.369170     -11.773081
      -7.643855       8.319442
      40.591577      -7.346562
     -42.546192      10.742610
      -2.883710      -1.892347
     -31.115724       8.767996
     -22.403328      10.528611
     -14.707816     -10.936335
      80.451997      95.869474
     -19.222362      -8.246043
     -25.340962      -3.777528
      -7.390054      37.131642
     -24.695500      -4.416773
      90.605091      45.367817
      16.253367     -22.197846
     -87.035513     -24.417422
     112.708220      86.444077
      -5.614029      17.371690
     -59.289502      -2.090944
     110.483505      80.458785
     -65.570330     -30.645264
       3.399003      13.081446
     -44.424121     -16.678775
     111.846384      85.962103
     -29.224078       1.540768
     -45.336852     -31.748653
      25.841271      61.301015
      -1.413728      16.038661
       4.140041      12.575509
    -104.474311     -48.443849
      26.317940      62.122057
     -21.055447      -8.635814
     -41.649186      10.854337
     -46.244880     -31.746579
     -43.538240     -31.983551
     -12.912082       8.075346
    -132.323028     -63.556806
     -29.900560       2.228562
    -127.324053     -58.580814
      30.164904     -14.973093
     -41.118738     -14.320072
    -132.256090     -62.566463
     -21.212547      15.778872
     -68.743695      -9.797852
     -27.766376      -9.244677
      75.572913      26.251232
     -30.285480     -31.977432
      -2.940192      16.786240
      79.430161      31.181845
      95.792863      54.548637
      49.244762      77.253142
     -16.374232     -10.092512
     101.102032      63.137809
      50.113762      77.696127
     -86.291402     -38.329000
     -29.316773     -32.109473
       3.025026      -1.793042
      18.702878     -20.282753
      17.184770      55.382062
     107.563311     104.452480
     -11.144552      34.457119
     -14.491182      -2.014109
     -23.019735       9.851381
     100.478089     104.614322
     -79.837893     -34.872262
      17.953341     -21.472577
      87.369550      40.667045
     -68.362731     -28.014222
     -17.595945      16.624303
      49.110671      -0.216660
     106.815664      73.929968
     -15.203499      -1.440951
     -63.865942      -5.529661
     110.721348     103.034212
     -28.941237       0.408797
      -1.217664      -1.768019
     -25.268740      -9.047747
     -57.951373     -22.719580
      67.090194      88.414537
    -121.166587     -58.870830
     -50.072217       4.356752
      29.958077      64.412288
     -88.998389     -26.209672
       0.497701     -27.577777
       0.673576      -4.470346
     -18.821951     -13.971334
     -23.891315      -4.866928
     -10.554925      35.189322
     -44.025066       9.647782
      98.999762     103.594214
    -109.680144     -43.483326
     105.863595      71.833143
     100.081116      60.425949
     113.776769      95.898173
      79.206037      94.889900
     -30.869141       2.333885
      96.323932      55.307405
     -18.019231      29.805013
     -38.902854      12.772628
     -92.074608     -28.142577
     -21.681478      -6.294694
     -78.502907     -33.524674
     -82.651505     -35.855805
      63.240856      12.622860
    -108.210225     -42.554666
     -72.721505     -12.957611
      -0.598984      -7.171863
      97.217545     103.039108
      -2.949273      -0.974323
      16.321408      54.916968
      -6.127553      38.428490
      76.986610      27.590535
     -32.007482     -32.099137
     -53.693342       1.833221
    -112.480959     -45.788274
      -9.019102     -10.839179
      -2.011633      -9.447593
      88.894358     100.163265
     113.531803      90.847008
      52.460951      78.462206
     -96.626246     -32.549626
     102.945017      65.841212
     -55.797142       0.685264
     113.435120      98.589122
     -80.097144     -19.030677
     -86.330207     -23.715930
    -116.013558     -55.925630
     -71.779664     -12.817619
     -67.031068      -9.119117
      82.281363      96.175773
      29.172394     -14.963720
     -58.274850     -31.353777
     -30.916375     -10.751631
      48.149908      75.733506
      78.359683      94.537479
      68.128276      18.169718
     113.078353     100.180130
    -125.195376     -56.722764
     -64.949978      -6.969922
     -69.235071     -28.297737
      30.921822     -14.394734
      53.081999      79.218342
     -15.626207     -31.048568
     -52.878044     -31.810784
      33.355614      65.752062
      55.161098      81.095801
     -42.592628     -31.955517
     -35.251345     -32.196103
     -15.561028       5.317722
      -1.250276      42.108571
     -11.358535      11.055271
     -29.228038      12.312093
       2.402763      -2.505726
     -39.819942      12.455320
     -62.879510     -30.678062
     -19.902750      28.191255
     -28.074271      -1.257427
    -122.957820     -59.396061
     114.058060      91.665901
     -94.680226     -42.394675
      -2.271841      -2.662936
      46.295496      75.772406
      55.941732      81.669195
     -37.016850     -31.886039
     -13.507292      17.777526
     -17.437503     -30.492919
     -57.356039     -31.399090
      55.050035       4.498786
     -32.724541     -11.136586
      87.934630      99.967239
     -20.714830      10.697948
      72.744105      23.876820
     -64.588950     -30.474466
      84.711952      38.184609
      76.625435      93.868816
     -67.453882      -8.295229
     -61.847699      -4.798860
     -41.652352     -32.103070
     -19.158313       2.391597
    -115.287149     -48.259793
     -37.966359     -12.648632
     -14.828649     -30.466519
      -1.973657      16.818722
     -23.412071       6.450364
      91.405987      48.076870
      59.008884       8.467740
      93.993604     102.668246
     114.228677      92.745444
     -53.644608     -21.268744
     100.695026      62.293992
     -10.692413      -4.657848
     -89.854738     -26.626501
    -118.522709     -56.352772
     -26.061412      23.948726
       8.323128      48.351109
     -13.298785      33.213695
     -30.745506      19.588925
      14.516399     -22.562701
     -79.393846     -18.395990
     -56.607065       0.231824
      85.190375      39.054193
      39.411609      71.018245
     -26.526207      23.158845
     -12.983248      17.026781
       5.093736       4.177194
     -18.729985     -30.815335
       0.000000       0.000000
      91.044322      46.225380
    -123.472431     -60.224533
     -35.249122     -12.124740
    -111.128526     -44.636716
     -11.540910      -3.945856
     -11.331014      12.495581
     -10.693164     -15.443343
      67.946949      88.919972
     -95.548813     -31.293331
     -12.115993     -11.946091
     -50.878683       3.818662
     -93.380172     -29.537975
     -23.967685      15.182140
     -19.598705     -10.928725
      -0.591228      16.539914
       5.784951       6.416190
      86.718842      99.097279
      70.904593      90.157176
      25.809881     -17.007330
      64.036843      13.122200
      76.359579      26.846366
     -33.563123     -11.647023
     -32.151792       7.645505
     -69.914234     -28.974506
     -53.739012     -31.364460
      41.554777      72.254910
      -7.369537      17.941944
     -10.872927      14.336290
      20.629637     -20.344320
      82.096836      33.751348
      86.678963      40.042423
     -47.109568       7.359905
     -65.047442     -26.553169
      -7.793467      -9.646145
     -21.512528      10.133216
     -11.594950       9.389647
     -10.814522      -5.566839
     -21.155269       4.280088
     -39.718945     -31.812075
     -31.275267       7.876976
      -7.112610       7.464209
    -120.889264     -52.284136
      50.973310       1.448315
    -114.957676     -47.423186
      36.186967     -10.653456
     106.611730     104.326835
      74.478153      24.609246
       3.685627      46.130794
     -65.660766     -27.300999
      95.672767      53.660372
     -37.307370      14.373196
      25.478963      60.440898
      16.046598      53.991825
     -12.942611     -11.461211
     103.265024     104.446414
     -59.262348     -24.061616
     -76.735707     -33.029163
    -122.099205     -58.981652
    -112.547527     -53.697829
      69.564743      20.082904
     -74.614243     -31.252127
    -111.050953     -52.453114
      87.751859      41.494918
      11.174286     -23.792053
     -32.123373       5.312374
    -116.235753     -48.273364
      -8.026652      -8.713971
     -99.013673     -45.636087
       3.120317      -0.805182
      71.835922      90.360827
     -20.223425     -10.251067
     -40.711474     -31.924333
     104.231852      67.436294
     -59.492151     -30.500631
     -30.411832       3.114879
     -46.295382     -16.798048
     -51.810582       3.858214
      94.892059     102.666359
     111.542823     102.577742
     -77.523496     -33.455311
      -2.487244     -28.433926
     -11.346838      13.493792
    -109.165148     -42.657282
      57.976326       6.927282
       4.100785       2.786334
      32.491178      65.374389
      45.764944      74.967567
     -82.284746     -20.763881
     -51.787931     -19.451017
     -41.392459      11.791151
      80.646600      32.647218
     -75.135710     -31.980813
      -9.590644      17.947590
      33.080290     -13.098808
      98.581091      57.379492
      -8.180545     -10.491828
      77.463286      94.230068
      -5.880314       3.717916
     -22.634292       5.928451
    -106.665478     -40.935371
     -54.578345     -30.963287
      48.685266      -1.010286
     -33.223564      17.643116
    -130.723892     -61.770924
      66.449108      87.707899
     -38.274568      14.455611
     -22.691560      -8.206558
     -47.963605     -31.132862
     113.408864      92.350520
     -67.401804     -28.037164
    -113.399179     -46.775655
       7.589227     -25.574762
    -128.632338     -59.822028
      42.905181      -5.910608
      47.304174      -2.265521
       5.513409      10.691655
       6.484146      47.892781
      41.117527      71.396232
      53.589560       3.563775
      38.016126      -9.236544
     -11.551306     -15.049684
      92.327262      48.371606
      56.845869      81.884599
     -48.092049       5.783545
     -30.484270      10.510511
     109.013041      78.541950
    -123.470852     -54.215332
      22.027640     -19.548003
     -27.246736      -1.759570
     -10.196912      -6.367700
     -11.189733      17.447804
     -13.362092     -15.282468
      20.822242      57.742978
     -70.038334     -30.474477
      11.110574      51.307620
     -62.064014     -30.290145
     102.813856      64.901418
      48.190660      -1.822873
      41.978622      -6.135092
      -7.690258       9.240392
      -4.978453     -28.711763
     -58.309219      -1.979945
      97.681106      57.175234
     -31.796224     -11.065723
      29.497683      63.603504
     -16.507410     -30.693707
       4.935566       3.253727
     -13.139812      -3.394556
     -22.405347     -31.675855
      -9.857062      -5.504062
     -29.951971      20.179949
     -22.537681      25.664626
     -13.067126       6.170315
       2.151065     -26.804476
     -29.754495       0.811186
    -120.595247     -58.120306
     -61.122238     -30.299638
     -96.415212     -31.606301
      84.737267      97.564010
     -19.798776     -12.643945
      -6.009552       6.278764
      92.256933      49.337574
     -70.949626     -11.116846
     -62.219379     -25.611584
     -88.195552     -25.649076
      39.256695      70.085000
      -6.705609       8.265253
       1.570486      15.505286
      -9.803099     -14.991124
      50.359373       0.664986
    -102.301019     -36.924560
      -4.268269       0.371630
      61.006057      10.198213
       4.618720      10.859362
      -0.227815      -0.900193
      13.032795     -23.504201
    -113.280627     -54.227016
     -32.195792      18.965828
     -13.074200      32.249223
     -18.559902      16.625750
     -69.141918     -30.260632
      30.820571      64.714234
     -19.470737      16.384517
      50.665702      78.516007
     -94.102074     -30.110993
      45.639941      -3.326709
      35.199402      67.849377
     -36.288065      15.985750
     -67.916432      -9.336472
       2.588220      14.212393
    -126.433444     -61.065917
     106.714705      72.214661
      64.099646      86.865276
      35.317487     -10.983934
      -4.913306     -11.487901
     104.946355     104.384909
    -122.581340     -54.075376
     -60.232389     -24.015717
     -28.466376      21.329557
     113.447815     101.092763
      41.403980      -6.851765
     -52.221643     -20.263930
      97.272596      55.525239
     -35.423595      16.304820
     -11.194876     -11.632200
    -126.831628     -61.954232
      34.168458     -12.347150
      50.053116      -0.228092
      83.832099      97.958659
     -99.588557     -34.651679
       9.907358      50.443029
      66.243439      16.066235
       4.089119     -26.763033
      65.604099      15.423466
    -106.971732     -50.114434
     -91.637349     -41.036722
      -9.327535     -29.351970
    -100.501272     -34.688381
      42.277116      72.877806
      70.428192      21.305946
      22.619834     -18.853840
     -41.608179     -15.106310
      13.934815      53.091978
     -17.948009     -14.368849
     -29.977130      11.673205
     -14.725107     -15.762089
      -9.092634      36.249158
     -18.952189      28.300543
     -85.043903     -37.300671
     -16.556196     -15.539586
      -5.247599       1.919538
     -13.817721     -16.075378
      92.903606      49.969196
    -106.040630     -49.801431
     -17.074879      17.466094
      83.730176      36.634381
      78.360956      29.800314
     113.737220      99.489869
     -75.739016     -16.096844
     -18.928512      11.339993
     -49.428146     -31.175722
     -55.539479     -31.128817
     -82.863629     -21.563530
     -18.184433       0.742732
    -113.458951     -45.819617
      58.568716       7.682704
     109.386099      79.415210
     -13.989735     -29.949760
     -56.994080     -22.807912
     -70.816066     -29.353764
      53.692706      79.949082
    -102.765424     -47.713122
     -21.677482      -7.255267
      -0.493524      42.713916
     113.121945     101.941702
     -46.390596       8.053100
     -17.929291     -31.255690
     -74.381232     -13.796516
     -21.998730      -8.793073
     111.054236      81.567601
     -27.629851      21.760656
     -12.409951     -15.528069
    -116.845476     -55.588198
      -4.072438     -29.103503
     -44.464004     -32.066414
     -28.452380      -9.956646
      60.135296       9.865184
      -9.969874      14.033369
     -14.866715      31.519509
    -117.757928     -55.850717
     -90.350248     -27.416974
     113.074637      89.172102
    -106.062721     -48.889271
    -115.418926     -55.176632
       1.924906      -3.287017
      -9.660301      13.125735
      79.964644      31.969299
     -62.738669      -5.020458
      23.375743     -18.306634
    -130.473705     -63.750965
    -129.143911     -63.327095
      -8.540771     -29.852198
      82.234720      35.409440
      51.556495      78.377566
     -52.860040       2.273368
      -9.252268      -6.532630
     -45.364197     -16.828335
      87.613944      99.095418
     -66.551304     -30.751297
     -18.422183      -8.662728
     -38.565343     -13.426390
     -20.055515     -11.742453
     -55.369951     -21.871265
      99.300877      58.937027
      62.424746      12.222187
      -6.948933     -12.751169
     -49.729293     -18.597793
       4.956698     -26.392094
      90.561776     100.186982
    -103.422165     -38.002269
    -105.163131     -49.103759
      59.432952       9.271009
     -52.170562     -31.148805
      33.827660      66.523163
     105.725016      69.394058
      94.030107      51.559486
      71.350701      21.507504
      70.022345      90.339283
     -28.377864      -0.324977
    -103.515878     -48.373555
     -12.206654       8.668943
     -49.647962       5.172353
     -76.689658     -16.352123
      10.835702      50.389898
     -18.903884     -13.071602
      13.114035      52.551153
       0.615905      15.212809
      98.087299     103.415980
     -97.453228     -44.581581
      43.105234      73.417491
     -16.218201       5.974221
      13.595254     -22.804360
     -87.838738     -24.825337
     -91.030991     -40.358168
      38.624945      69.419992
     -34.357299     -32.353478
     -25.296597      23.308530
     -11.658861      -4.873107
     -16.210934      30.279044
      61.351992      11.102819
      28.212884     -16.054050
     -70.031915     -10.848408
     107.815617      75.450475
     -57.372243      -0.408881
      52.592894       2.176152
     -22.584945      -5.964705
      -7.776634     -13.275062
     -12.244536     -30.501917
     -66.508456      -8.036588
      62.749968      85.772876
       4.659637       4.966999
     -84.576908     -22.091910
     -12.090639      17.217689
     -26.673231      -2.503482
      64.988705      86.511314
       5.103484      46.588607
      -3.701059      39.838169
      -8.290838      36.756736
     -29.155220      20.757820
    -107.943422     -50.099041
      28.629227      63.346866
    -114.153489     -53.787353
     -15.211034      17.164911
      -3.428794      40.792303
     112.863505      90.108431
     -39.305736     -14.073813
      61.271408      84.532980
     -47.911430     -17.472648
     -23.029365       8.941356
      74.930191      25.490039
     113.497514      95.019532
      -7.696638      10.145326
       1.987823      43.820383
      33.296244     -12.146690
      31.760103     -13.917176
      82.916868      36.094730
      44.453473      74.017507
     108.466831     104.204413
      14.877637      53.066015
      75.259923      92.503055
     -93.100869     -42.182915
       0.291277      -6.079608
      88.838234      44.660802
      67.594844      17.345906
       5.877907     -26.025272
     -10.085245     -29.966855
     114.133624      94.327374
     -48.686541     -31.764131
     -23.586706      -8.191839
      36.806904      68.930857
      12.029119      51.013222
     -28.026473      13.693582
     -17.318444     -10.132368
      45.002489      -4.057924
      27.150828      62.658265
     -60.389261     -30.853143
      18.878274      55.921215
     -16.797506      10.452666
     -31.415705       5.946641
     -15.674372     -15.747072
       4.647225      11.797181
     104.787364      69.180923
     -23.404168       8.122402
     -49.011550       5.910003
     113.828302      97.670144
       6.634607     -25.509753
     110.184301      81.323426
      88.744820      43.047146
      89.316531      43.845985
     -53.150366     -20.432480
       7.471687      47.998723
     -68.258151     -30.442149
    -112.072662     -44.950068
      81.373447      96.193939
     -20.427520       3.672398
       7.935886     -24.680145
    -131.668825     -61.820751
     -31.121160       3.708081
      -7.636864     -29.595781
     -98.142842     -33.611350
     -83.500578     -36.237134
     -11.014720     -29.622058
     -72.937819     -30.530823
     -72.027872     -30.253273
     -51.284118     -31.457745
     -84.312482     -36.654817
     -36.089298     -12.656292
     -81.811936     -35.339839
     -43.637621     -16.084885
      68.706544      89.421135
     -88.571671     -39.701737
      15.056572      54.043587
      -0.260826      15.609246
      73.397125      92.414782
      96.389944     102.593270
     113.167936      88.273246
     -54.535543       1.429896
     -85.360724     -38.179922
      38.833045      -9.624190
      47.208782      75.569882
      -4.669987      17.328809
    -125.586436     -60.763908
     -14.837081       4.759223
      -1.822684     -27.800501
      27.304447     -15.910669
      44.025322      73.148025
     -34.148464      17.653021
      -8.736626      -7.317777
     -45.485355       7.975626
      19.681070     -20.245553
     -58.041568      -1.096205
     -14.002764      31.954455
      17.090574     -21.861419
     -46.985611     -17.385940
     112.028642      85.024253
      -6.527354      17.431433
      12.390524      51.912323
    -130.003332     -62.970191
      77.616090      28.258715
    -104.377514     -38.101758
     -99.256442     -33.809258
     -20.410257      16.279678
    -117.542123     -49.621059
     -34.459734     -11.535502
      39.950729      -8.070625
      -9.057200      12.398171
      34.510963      67.195735
      -6.231475       7.185199
     108.771112      77.037401
     -16.145720      17.326065
     103.044876      66.784731
     -22.091443      26.486854
      -5.433230      39.008518
    -119.622393     -51.098451
      -8.748893      17.509834
     -24.779302      24.067194
      -8.526126      11.642656
    -102.325614     -46.841765
      -1.333157      -2.735954
    -119.074846     -57.150528
      -1.785209      -8.570202
     -10.507239      18.052469
      84.103148      37.502470
     -84.463982     -23.074814
      17.977989      55.881928
      83.836944      96.969922
      92.875482     101.065276
     -97.326469     -33.208819
     -48.456785     -18.191542
      40.339345      70.925961
       3.111517      45.368985
     -50.984021     -19.884436
      87.988469      42.418634
     -36.165966     -32.224500
      -0.444233     -27.673844
    -111.766562     -53.087563
     -23.186951      25.000311
     -47.429939       6.488092
     -26.522101     -32.110249
      51.901307       1.529624
    -105.059026     -39.802090
     -87.188058     -38.407780
     -10.281894     -11.561976
      58.145425      83.025968
    -114.307809     -46.764966
     -15.706498       7.754127
     -64.364729      -6.276097
     -73.790625     -30.805272
     -66.612444     -27.595681
     -81.017045     -35.837565
    -114.933530     -54.316843
      65.690244      87.148940
      -8.283275     -14.014675
     108.187884      76.315940
     -17.694301      -9.276962
      29.172456     -15.962376
     -78.014838     -17.614690
       5.373227       9.705076
    -108.216628     -41.361934
     -19.664894       3.197979
     -38.797858     -32.059349
      60.322476      84.755885
    -101.196512     -35.396270
     -54.851537       0.522920
      69.598379      89.545652
     110.797917      82.520496
      35.900344      68.550537
     -13.714277       5.432593
     -73.426382     -13.550017
      -3.887129      16.708508
     -18.622627       1.559811
       4.953669       6.912320
      15.293232     -21.952490
      94.845708      52.076990
     -81.748265     -19.922372
      98.596711      58.326489
     -43.037899     -15.304848
     -12.341881      33.157434
    -107.531321     -40.680155
     -11.974720      10.297723
    -124.503997     -55.042017
     -17.123158      30.077378
     109.459683     104.225908
     -25.752343     -31.515653
    -108.863692     -51.645316
      -9.146918     -14.341067
      53.369071       2.632570
      97.852405      56.280004
     -26.157837      -8.821923
    -108.133973     -51.030789
      56.608703       5.583474
       5.202782       8.751843
      24.274894     -17.957396
     -71.046784     -30.232814
     -56.235646     -22.219363
     -27.131488      13.922354
     -22.308711       5.068977
      79.249230      30.208866
       2.514294      15.206078
      37.118732     -10.577481
     -90.083292     -40.459717
     -78.977957     -17.584452
     111.179577      83.405249
      54.436348      80.462678
     -33.696001     -31.658769
      46.455743      -2.791561
    -129.917221     -61.226883
      12.091609     -23.487929
     109.391762      77.688933
     -25.888761      -2.984339
       1.164028     -26.929831
     -75.694720     -15.154601
       4.624504      45.832736
     -61.539772      -3.945332
      -8.822979      -8.295440
     104.116706     104.928044
     -22.145389      15.747033
     -17.185058     -14.886093
     -13.058777     -30.031179
     -27.451312     -31.771989
      -4.324120     -10.727759
     -85.376945     -23.451801
      95.526220      52.753607
       3.488221      14.045747
      91.254667      47.184877
      -7.864051      17.135303
      85.776889      39.840640
     -38.252925      13.460407
       0.502947      42.685567
     101.457160     104.464624
     -94.712453     -30.844359
      99.611629     104.368434
      82.877115      96.856664
     -29.350782      -9.864906
     -83.855281     -21.496522
       5.850918      47.177562
    -101.640080     -36.256222
    -131.390475     -63.871951
      89.731971      44.897171
      17.741646     -20.534690
      -6.061894     -12.948148
     -31.175543     -31.604284
    -125.964014     -57.256528
      55.794182       5.124152
     -29.971185     -10.587048
     -37.026643     -12.502265
     113.615972      93.486049
     -13.084125       7.155609
      -5.587438       2.816872
     -24.809424     -31.691229
      37.142688      -9.604178
      61.918386      85.286023
     -95.080450     -43.227718
     -19.797426      -7.548783
     -13.756753      -2.641897
     -77.289542     -17.080184
      -5.536475       4.558551
      82.608961      34.586153
     -16.580088       9.477998
      23.058650      58.838218
      70.461878      20.408134
     -16.234189       6.911078
     -25.771772      14.944813
     -17.667382      10.673154
    -120.931698     -53.185259
      10.302253     -23.992259
     -11.933039     -29.581921
    -105.847656     -40.376553
       1.178857      43.383493
      21.528333      58.363887
     111.788601      84.074850
      -2.781051      -9.913194
     -65.813639      -7.427306
      -4.874895       1.070814
     -60.123926      -2.640726
     -32.961200     -32.312043
     104.794801      68.198323
     -87.864894     -39.111986
     110.274512      79.550921
     -34.726332      16.873080
      85.668769      97.905261
     102.383407      64.091447
     113.163287      87.296674
     -20.603850      27.571675
      37.758891      69.143927
     -12.507314      -4.036646
      93.448525      50.767909
      43.550185      -5.160635
     -18.839560      29.267304
      91.995359     100.889766
      25.191694     -17.716587
     105.768998     104.804660
      45.381289      74.131047
     -98.523744     -34.472888
     -60.706564      -3.418560
     -63.435135     -26.443201
      31.514000      65.419571
    -123.554321     -55.165618
      85.782741      98.815337
     112.146784     101.809540
      81.246569      33.327120
     -43.389402      10.283129
      57.277820       6.240216
       3.509647       1.019504
      -0.264336      -1.865050
     -21.434590     -31.595032
      -4.571010      39.476997
      -6.781792     -29.125612
      -5.975482     -28.696174
     -96.778905     -43.961695
     -21.332674      27.005521
     -56.509695     -30.990716
     -20.690424      -7.230876
       3.940602       1.896714
     100.417865      61.365269
     -26.746169      22.191751
     -14.335273       4.009537
       1.562115      -4.155664
     -80.827481     -34.889007
    -110.589220     -43.891484
     -23.332639     -31.813312
    -117.882505     -50.497599
     -31.779925       4.422030
      59.562040      84.122313
      -2.493880      40.833679
      73.122551      91.495029
     -80.824250     -19.653876
      24.579015      60.078531
      48.637018      76.517609
     110.276904     103.848648
     -63.162908     -25.481331
    -121.773997     -53.643235
    -126.619467     -57.911548
     -40.445058      11.716013
      -3.583276      -0.298378
      73.681040      24.086704
     -50.241586     -19.370975
     -67.350417     -30.305157
      -9.982985      35.884006
    -110.533563     -51.631407
     -47.056288     -31.266743
     -89.548272     -39.633000
       0.939153      -5.397194
     -28.861425      13.146723
     107.557597      74.514718
     -79.235416     -34.153168
    -128.109830     -59.066991
      78.320038      28.893963
     -44.954048       9.424277
      93.412241     101.866669
      22.103179      59.095111
     -26.637732      14.687770
     -19.543549     -31.265641
     -23.840588       7.237887
     -54.550323     -21.418936
      64.369923      14.023286
     -20.492562      -9.347138
     -24.127128      24.786596
     -14.473365      17.769640
     -11.991759      11.798363
      -3.424298     -28.404780
      91.077851     100.923492
     -18.620034      10.458380
     -26.849764      -9.461978
     103.970226      66.572972
     -19.822216      11.109573
     -64.267759     -26.100639
       8.800226     -24.969503
     -32.346686      18.032337
      89.691144     100.672738
    -102.540510     -37.798530
      59.014502      83.329286
     -40.213226     -13.960886
     -52.310156       3.093037
    -109.692040     -51.277188
    -100.625670     -46.659033
    -104.726878     -38.957182
     -75.151963     -14.319225
      62.252716      11.323291
      19.238844      56.853373
     -50.305290     -31.419859
      28.082517      62.543487
      63.703062      86.043938
      72.210583      91.226389
     -98.207615     -45.186269
     -71.134118     -12.058905
    -128.363164     -62.869377
     114.149101      96.769035
     -31.683128       6.855148
    -127.787784     -62.156243
      34.966362     -11.901084
     -42.291294     -15.798687
      -5.571193       5.465732
      26.606752     -16.487051
      95.690796     103.194624
     -58.730936     -23.302894
     -11.531425      33.561514
      72.091409      22.157694
     -16.438408      -0.037514
     -99.751322     -46.194166
     -60.560174     -24.864471
     -17.267157       0.394579
      39.257309      -8.788978
      -6.620065      37.603531
     105.819086      70.334563
       3.112735     -26.873908
     -63.026716      -5.916218
      54.484159       3.719063
     -75.930129     -32.502823
     -15.676635       9.207554
      57.246961      82.697342
     -95.965080     -43.407117
