     -72.424107     158.054859
     -91.480897     196.225441
     -87.737777     184.064500
     -37.177381      61.880714
      -8.374948      16.038686
     -54.271090      95.850152
     -11.949761      17.413792
      -5.805879      16.117949
     -38.634701      66.746972
     -54.216808     100.392990
     -36.065326      53.599305
     -45.695880      81.911323
     -33.831331      51.404195
     -29.117438      40.167554
      -1.952901      12.032599
     -59.711106     131.280067
     -61.147172     125.544719
     -52.045138     100.700029
     -77.331937     161.620604
     -62.177395     139.800474
     -88.274909     189.592129
     -40.205319      71.388702
     -79.637042     166.350349
     -85.477828     183.037022
     -54.295647     103.430770
     -15.066187      18.484910
     -63.821189     143.258999
     -38.277797      67.193319
     -29.663845      42.987689
     -81.963691     175.586774
     -21.370141      37.030808
     -73.185644     149.950066
     -22.759452      37.336327
     -59.614120     137.691476
     -40.757788      78.426582
     -44.219557      80.013830
     -64.419943     144.199147
     -15.911357      20.663542
     -23.225348      38.783706
     -60.408384     115.784833
     -59.271173     134.496240
       0.089709      10.359473
     -60.256684     114.099743
     -59.959365     132.342139
     -72.980646     156.707547
     -19.728381      27.880915
      -0.987025      11.114660
     -54.570691     100.451295
     -59.747504     137.079813
     -19.516327      29.244041
     -15.978981      21.936829
     -52.848972      94.871269
     -41.398147      75.775193
     -73.815066     152.386355
      -2.218369      12.259100
     -53.704199      96.744573
     -84.772436     180.687137
      -3.170700      14.987724
     -38.552688      64.525855
      -7.598517      16.208113
     -74.913915     150.602970
     -94.642698     207.497953
     -64.803205     140.620682
     -66.460775     146.317273
     -35.096348      57.303882
     -32.038671      43.663201
     -91.105013     203.746888
     -61.470212     138.912912
     -80.342492     171.297578
      -4.162059      15.734200
     -42.706570      79.186596
     -54.039787      94.886858
     -35.915251      55.070169
     -79.762825     167.206856
     -72.743356     149.293679
     -53.504643      94.668739
     -60.897985     117.756363
     -13.485533      17.790546
     -20.182616      31.355279
       0.392519       2.450544
     -38.913335      65.104289
     -59.909030     119.250893
     -89.752598     191.879998
     -80.041074     165.334006
     -88.998891     186.366597
     -68.512093     147.343433
     -45.562114      80.569303
     -55.544498     102.142190
     -10.621230      16.839024
     -37.722177      61.082647
     -82.739267     174.985340
       0.701685       2.569944
       2.064208       4.258190
     -35.572809      52.946770
     -63.820293     139.668114
     -21.020530      36.117696
     -56.907906     112.245281
     -52.271054      99.684337
       0.000000       0.000000
     -32.844078      43.846525
       0.791061       8.653329
     -62.960735     140.018827
     -89.091067     188.220704
     -59.263821     131.648707
     -27.124780      40.264384
     -15.554286      20.140937
     -31.672345      43.687467
     -60.787011     126.234528
     -30.094515      40.714570
     -91.527032     194.345545
     -48.840332      92.037358
     -35.235819      56.211444
      -5.034240      16.159828
     -64.091338     143.510782
     -20.919410      35.022958
     -37.345680      62.480503
     -88.929446     186.859695
     -55.027607     102.580396
       0.177562       7.286129
     -22.247461      37.100683
       2.626316       4.639276
     -76.922437     161.173832
     -35.432713      46.040523
     -60.465800     116.780496
     -55.661466     100.412306
     -40.023562      78.425398
     -44.189112      84.145495
     -73.062553     156.656858
     -48.473900      90.898145
     -53.148214      98.036860
     -45.388527      88.990920
     -87.361292     183.997835
     -92.519347     197.741782
     -45.457368      81.433534
     -60.092630     114.957532
     -67.672996     147.208945
     -51.912465      93.597742
     -44.955623      83.645086
     -55.132526     108.758116
       0.752207       6.794458
     -61.316297     122.861623
     -72.820169     157.693283
     -63.725153     142.099684
     -28.419158      40.609984
     -34.366168      51.861835
     -93.882828     206.982072
     -73.964199     155.686978
     -64.962087     144.951331
     -80.805486     171.809985
     -56.385708     109.600381
     -33.281492      51.070718
       0.490887       9.547299
     -79.238889     163.923342
     -25.164303      40.751677
     -92.053297     199.136601
     -23.929643      39.526247
     -73.837987     156.148256
     -47.768076      90.361916
     -80.586892     170.251051
     -86.719052     184.010061
      -1.217102      11.862310
     -35.479014      47.807816
     -84.690830     182.063267
     -82.296481     178.386339
     -35.227123      56.750799
     -42.056648      78.374039
     -44.785074      89.228056
     -24.361659      40.422077
     -59.483733     128.985522
     -91.705060     195.070888
     -64.024291     145.697226
     -55.142241     107.704217
     -15.358252      21.353788
     -37.096540      59.062025
     -45.824389      88.901190
     -58.968688     120.836818
     -90.895437     205.113546
     -59.572664     133.767156
     -73.457223     153.112216
     -18.885926      30.002278
     -36.588359      58.877105
     -30.710479      43.421786
     -54.463984      96.251173
     -90.787716     206.567831
     -82.091131     173.749581
       1.786720       2.691592
     -65.030639     140.060754
     -59.320893     120.398033
     -38.397198      68.746397
     -43.811486      79.938370
     -34.089515      49.528768
     -17.406065      25.444288
     -16.202654      23.794074
     -60.300846     127.222131
     -81.926233     171.989175
     -39.319159      66.317906
     -33.529969      50.270744
     -21.063712      33.184792
     -60.373420     135.987180
     -71.943844     159.026781
      -3.177925      14.480803
     -42.729570      78.458970
     -64.377715     146.608240
     -22.495847      38.236915
     -29.552638      40.345244
     -36.106927      54.268069
     -73.713655     154.303731
     -60.403652     117.008467
     -87.863713     190.105937
     -35.335384      58.255145
     -60.394284     122.625857
     -59.732771     130.539935
      -2.869951      13.711589
     -93.010870     207.067204
     -60.649301     135.470502
       2.304371       5.549230
     -38.886816      65.557412
     -79.194969     164.809644
     -57.107937     110.863733
     -17.961178      26.697006
     -63.002145     143.054866
     -17.900417      24.826596
     -55.258209     105.628593
     -82.592644     174.589200
     -90.266887     205.761533
     -74.275741     150.013344
     -43.891852      86.040346
     -51.252637      93.954149
     -41.911785      74.758438
     -73.893655     149.921221
     -55.518945     100.138774
     -37.954755      67.965249
     -80.043538     170.963083
     -91.501533     199.774786
     -92.261999     201.514331
     -15.795620      22.895168
     -19.611309      26.903932
     -91.369069     203.610222
     -60.320807     133.182147
     -33.251634      44.774313
     -72.785904     159.061875
     -78.135793     161.892881
     -81.557061     171.828925
     -53.411265     100.543690
     -59.509246     122.265027
      -6.422821      16.143586
     -41.430558      73.335461
     -49.958837      91.755646
     -55.367028     106.602563
     -44.292154      87.652421
     -82.931992     172.977462
     -29.333512      41.341267
     -59.543675     120.005488
     -57.261625     111.639332
     -91.004256     193.545513
       2.348775       3.497127
     -44.472604      83.089369
     -19.762453      28.419003
     -54.755358     105.383739
     -54.206423     104.746546
     -29.623704      42.358690
     -70.952965     147.971392
     -40.626823      72.157511
     -34.842739      48.598040
     -30.619370      42.874126
     -55.097882     109.518843
     -61.204680     137.931792
     -84.547382     179.872700
     -82.260838     178.834210
     -82.422314     173.317391
     -59.955652     128.243316
     -52.501672      98.719271
     -39.732895      69.019037
     -92.229750     200.390277
     -92.245330     207.077174
     -84.477288     181.381915
     -41.455926      78.496544
     -59.334285     129.421497
     -82.241276     176.485835
     -38.099380      64.005036
     -46.747852      88.927133
     -65.723453     146.570930
      -2.435791      13.076199
     -20.050767      32.217031
     -10.061669      16.160668
     -18.851341      27.237804
     -76.216012     160.697077
     -82.696767     179.307322
     -71.929374     148.112172
     -26.123351      40.590059
     -20.849865      34.475743
     -59.903251     127.961446
     -37.996882      63.151279
       1.585463       6.634191
     -91.450634     207.313059
     -64.216208     145.469121
     -51.081068      92.979022
     -44.261472      88.946542
     -89.884430     192.219460
      -0.121919       1.262524
     -63.018944     142.641562
     -44.293020      87.971365
     -11.523595      17.053468
     -35.781394      55.663436
     -41.430758      73.946771
      -0.152833      11.027024
     -23.627853      39.265074
     -40.160436      69.916455
     -59.080754     129.935374
     -60.172061     118.405167
     -29.556634      41.902179
     -58.091072     112.763561
      -6.949997      16.409134
       1.678022       2.457259
     -60.495881     138.219151
     -66.801932     146.233924
     -54.932978     107.283534
     -15.407962      19.276160
     -43.866159      86.895298
     -79.948411     166.191779
     -90.758571     204.545642
     -54.573949     103.228612
     -59.197624     121.646114
      -0.426005       1.978286
     -72.635207     159.921729
     -50.641684      92.374178
     -78.126209     162.735810
     -82.401975     177.235953
      -9.349133      16.516550
     -88.576780     187.621172
     -20.218733      32.922354
     -88.485360     190.850168
     -56.163058     100.978901
     -64.338181     139.524371
     -45.008234      82.422961
     -81.324946     176.464552
     -14.182147      18.588970
     -19.401152      30.506551
     -47.096814      89.431448
     -79.064807     163.078671
     -61.854620     139.179895
     -65.506263     146.647156
     -44.741221      80.676389
     -73.441332     160.122035
     -73.715372     154.976454
     -92.138487     201.347645
     -64.480322     141.514886
     -36.007628      58.142754
     -72.313967     148.628689
     -12.732595      17.690439
     -68.936574     147.687050
     -34.708240      45.462024
     -80.349758     169.656126
     -41.488219      72.565792
     -48.446116      91.283541
     -18.564332      26.661647
     -52.309091      99.764659
     -55.582348     109.819923
     -52.516602     100.983774
     -13.738199      18.217225
     -40.911528      76.352751
     -82.874451     172.240203
     -67.496737     146.487029
     -69.927840     147.560594
     -73.490751     151.677532
     -75.359358     161.039931
     -34.733641      48.847371
     -92.084604     202.914982
     -49.100585      92.166265
     -90.153292     193.033977
     -53.133388      97.522047
     -39.959819      77.800733
     -74.391382     160.197888
     -26.599509      40.374216
     -92.146499     196.866456
     -70.648894     147.288365
     -41.366612      75.073706
     -88.447442     188.900612
     -21.465511      35.439956
      -0.008573       8.219597
     -17.046856      26.304657
     -17.193987      23.814012
     -52.614476      94.198532
     -73.443090     153.462810
     -89.339586     191.021416
     -59.248165     112.928636
      -8.629308      16.024424
     -74.263582     151.057057
     -59.715589     136.462825
     -74.931913     160.456531
     -47.481303      89.687746
     -21.281055      33.921631
       2.320547       6.077113
     -44.394792      85.328362
     -37.816266      59.586653
     -35.296368      47.989227
     -57.393229     112.937155
     -88.085826     184.971826
     -64.530618     146.603502
     -34.906933      52.605832
     -56.525744     110.372005
     -92.415902     202.339800
     -80.485226     168.768089
     -86.246791     183.352825
     -59.808833     134.953696
     -60.960978     123.674301
     -58.423443     112.676253
     -40.079381      70.548159
     -19.577525      31.032075
     -81.360333     175.896675
     -33.930760      45.280267
     -83.271366     179.440836
     -55.646232     101.579287
     -71.947114     158.313994
     -18.034522      24.572977
     -37.954632      60.268372
     -79.899647     168.729585
     -40.463732      76.679943
     -40.504592      77.412383
     -60.867117     126.862077
     -84.083875     179.806387
     -54.759549     104.229995
     -61.303896     124.600581
     -27.816910      40.155814
     -17.455838      23.795155
     -59.667955     138.386940
     -61.585663     137.944748
     -88.600611     185.617129
      -0.586317       0.449559
     -84.659146     183.026307
     -32.943846      44.637461
     -39.353437      68.723441
     -44.551484      84.606148
     -91.556506     195.508222
     -35.360136      46.499029
      -3.299701      15.817846
     -34.853732      47.031947
     -79.491060     167.839682
     -59.631774     113.555379
     -55.264474     108.428475
     -81.850907     177.523703
     -42.908497      80.011568
