     -22.430724      -9.227484
     127.443710    -287.787625
     130.375921    -220.384987
     -65.860808     -22.396527
     -12.552481      85.774246
     129.653207     -73.506048
      66.847666     133.295283
     129.307009     -76.855209
     118.668858      37.046640
     128.089756    -284.944587
     124.113009    -331.704214
     128.209074    -268.940444
      -9.019223     -10.837968
     -62.836061      24.629804
    -124.947489     -69.044991
     -18.928516      11.340035
      62.499297    -144.294193
     116.553877    -380.050109
      69.707285    -209.706606
      61.417409    -135.402670
    -126.422675     -73.932612
     126.467403    -295.176542
      -3.427603     -10.499931
      46.940690      32.677242
     128.752330    -258.444102
     131.383545    -137.724494
     129.611805    -256.802608
      -7.690258       9.240392
      42.281143      14.098868
     100.231663    -393.257211
     125.764462    -312.114209
      78.435803    -281.441227
     -23.370893     -40.187725
     -31.289187      65.128294
      54.279619     -55.772210
      70.566174    -217.539573
      46.969923      36.654425
     -79.930416     -31.013328
     -12.108648     -15.316633
    -125.622139     -72.428612
     -14.491143      -2.014504
     -91.471495     -18.766781
    -109.501632     -44.673124
     -51.047688     -34.596639
     -94.401120     -22.346988
      76.745647    -267.600498
     -60.978793     -20.391378
      76.166178    -265.069135
      85.411775     124.418254
     -71.611674      12.017923
     -20.690294      -7.232193
     -99.662926     -45.899457
       4.290226      13.078284
     131.583660    -190.326314
     120.614131    -356.720198
     -87.080728     -11.082736
     131.703197    -122.262125
     113.895352    -391.591721
     -14.801762     -15.180871
     -77.518032       2.115328
     125.150268      -9.606290
     108.700556    -401.334031
      58.808265    -102.718929
      86.192711    -337.564331
     -19.158287       2.391337
      93.219935    -372.498542
     128.438605     -49.731115
     101.546823    -396.870223
      42.785475      20.335876
      84.306152    -321.980165
      86.125164    -333.875051
     117.119398    -376.536643
      54.497004     132.546510
      14.591537     -36.463721
      57.008167     -83.376611
     131.357830    -160.885367
      59.609975    -113.674040
    -117.482356     -63.680449
     126.896931     -27.212448
     125.348749    -308.622729
      54.133649     -59.806911
      16.803166     114.058778
     -13.139775      -3.394940
     -16.218200       5.974218
     -22.584734      -5.966843
     -12.985228      17.046786
      80.521987    -296.746969
     -17.988236     -41.032560
      76.934473    -273.381425
    -108.256927     -53.803876
     130.203342    -233.822653
     124.366507      -2.193610
     -31.415218       5.941731
     -65.285072     -31.307830
      72.706892    -237.162098
      69.545617    -208.800428
      63.001863    -151.942367
     -44.370650     -14.124223
     125.606503     -18.083471
     112.395595      67.618511
    -104.514428     -50.679679
     -28.861770      13.150206
      39.001128      -0.241075
     129.111243     -61.303777
     -18.561516      16.642057
      67.442451    -192.707093
     -11.927531      87.547081
      -8.526126      11.642656
     111.530926      69.988870
     -35.324765      60.107489
       5.122992       6.801971
     110.305232    -398.753282
     121.569320      17.499285
      -7.523518     -41.043486
     123.568477    -334.992037
      66.777487    -182.677587
      43.356113     130.128138
     131.122612    -150.492218
      44.798652      36.439827
      84.813633    -328.615928
      86.280167    -336.652189
     129.498121    -255.887666
     126.934446    -294.367628
      70.089407    -212.261200
     -16.147531      17.344360
      43.333916      29.726879
     -11.358534      11.055269
      53.998282     -53.928780
      54.160125     -57.627312
     -21.213895      15.792492
      66.343052    -184.417024
     -92.513601     -20.388311
      56.315950     -85.339331
     -52.912167     -34.038738
      87.825214    -341.840837
       5.813832     105.144468
     119.416888      31.006913
       6.026998     -39.293313
     129.041613    -251.487135
      37.861844      -7.081524
      -2.125758      96.736509
     -37.774560     -37.513001
      51.501039     -21.847096
     130.543858    -109.218221
     -28.026922      13.698113
    -100.215122     -30.949931
      73.686114    -246.986046
     -60.267614      27.133942
     129.026736    -267.302348
    -109.845117     -55.079427
    -111.449562     -48.285528
     131.918575    -181.165728
     -53.347472      36.490135
      19.658239     116.288719
    -123.219388     -70.463488
     -25.798135      72.059898
      90.247952    -357.254304
      26.799544     -27.497669
     -57.682672      30.913829
     -26.417762     -39.245715
      94.058699    -375.655167
      40.816718     128.428353
      83.247346    -317.694650
      21.224054     -32.014538
      88.797557    -348.516121
     -31.779400       4.416726
      54.766935     -59.111640
      60.108212    -121.817691
     -95.536404     -24.805549
      79.933526    -291.983442
     131.236627    -212.398238
     -49.055860     -35.628926
     126.272303    -302.004611
     127.604439     -43.468494
     -15.212885      17.183607
      71.291751    -225.994070
     126.506359    -296.912244
      55.513378     -72.426077
     112.727133    -393.168402
      -5.327336      93.925867
       8.583677     -39.080424
     117.425988    -375.688765
      75.177495    -262.349083
      28.513010     -25.268918
      73.068156    -239.770157
      52.742891     -40.167361
     116.046875      53.051099
     131.354095    -159.971604
     108.817303      79.906313
     111.161007      70.888715
    -101.063420     -32.977402
      85.317168    -332.612549
     130.792720    -219.535081
     -94.370652     -23.323811
     130.111791     -93.059336
    -121.393488     -62.905222
     -66.951910      18.100805
     122.478574    -344.829195
      78.788728    -283.631151
      46.569352      29.606754
     -18.622599       1.559523
      44.805813      43.182753
     120.514246    -354.870043
     -12.912080       8.075345
      52.701319     133.020371
      37.522115     127.413073
     -55.744395     -33.698558
     -97.456190     -27.721297
     -18.824761     -40.624561
      78.685688    -288.973453
      77.069808    -274.368670
     123.032400       3.385099
     125.577282     -22.027581
      71.247614    -224.272970
     120.887566    -352.406995
     -30.012127      66.503296
     -76.276309     -29.007689
     109.997220      77.783934
      50.502697     -17.317987
     -20.577680     -40.416671
     131.215407    -214.112235
     -29.474468     -38.755814
     111.015002      71.805677
     -14.475281      17.788995
      31.283711     -20.800222
     117.805255      42.264520
      15.847927     113.344029
     123.520886       2.631652
      24.294084     -30.219780
    -109.394879     -45.605671
     -21.512536      10.133306
    -119.690508     -62.035748
    -109.123371     -43.702621
     119.436813    -365.589955
      82.465219    -312.254548
      34.222437     -15.910912
     101.945107     100.452069
     118.801948      34.586895
      62.416021    -140.636603
      70.286987    -216.674865
      -8.026680      -8.713692
      66.491948    -187.205096
      -6.936402      93.059078
      -9.969874      14.033369
     130.251183    -100.717898
      95.107753    -376.935186
     -15.628567      -0.594290
      32.640516     -19.589355
      68.409151    -198.471858
      67.765248     133.234404
     -84.326555     -33.634718
     -24.928740      15.279407
      75.734827    -260.341846
     130.258887     -94.760440
      46.230267      37.183609
     131.619409    -196.534302
      67.189501    -193.598425
     131.575824    -131.079514
     -14.707913     -10.935364
     -16.374275     -10.092088
    -107.412069     -52.536591
      96.532088     110.553363
     106.939332      88.342494
     114.832959    -388.892458
      59.341620    -117.237063
      20.463927     -33.708125
      36.572507     127.289321
      63.261010     133.933901
     130.457232    -239.401814
     -13.247297      85.129589
      10.927089     109.325061
      -3.829211      95.100410
      61.068546    -133.569287
      44.234241      34.022244
      41.808425     129.070421
      93.253513     114.888662
      80.074678    -292.884734
      52.247885     -31.296524
      56.035657     -80.695153
      49.333591       0.189415
      89.182066     120.795485
     131.483453    -143.671552
      -6.231475       7.185200
     -34.353583     -38.339991
     124.688239    -320.219379
     130.829591    -201.790712
      -8.736623      -7.317816
     -19.664872       3.197759
     -18.620036      10.458404
      -2.949273      -0.974323
     128.601360    -262.372625
     -49.297061      41.530236
     129.350864     -62.988268
     105.581189    -401.924320
      46.019424      42.678821
    -104.718093     -37.789363
    -105.412198     -51.071283
      -0.537064     -40.681830
     -26.095918      -9.916225
     131.479390    -118.539809
      75.033486    -260.982670
     -96.917123     -43.978557
     -11.594949       9.389645
      97.683731    -387.224709
      35.321777     125.991744
       0.155056      99.555927
     -50.756434      40.977277
     113.916317      60.275830
      40.956518     129.363830
    -122.594937     -68.704170
      57.606170     -95.541742
     130.661417     -90.638285
     131.123724    -147.046056
      28.719312     122.340931
     130.586798    -218.647807
     129.922496     -70.085772
     -67.136949      17.211841
     -11.540876      -3.946205
     114.886898      58.785079
     123.611488    -333.324309
      68.020782    -196.301584
      48.861254       5.240158
    -125.663721     -69.671605
    -118.352122     -64.070719
       5.453444     103.382905
     -84.923165      -6.857670
      62.369222    -146.964344
      13.637488     -37.353405
     124.153095    -325.793198
      61.909260    -138.969789
      48.824867      12.318594
     131.367363    -132.029641
     -20.427500       3.672200
     -27.837617     -39.551976
      65.436204    -177.226246
      52.177233     -28.903923
     119.838021    -361.309023
     116.860590      44.549685
      54.765359     -61.653811
      13.916116     111.400901
      -3.141067      95.685856
     131.499278    -115.071882
      66.141682    -179.761260
      63.935143    -155.034410
     131.687346    -176.406952
     123.049815    -338.722677
     -54.786362     -17.336713
     112.515736    -395.721490
     -63.242306     -21.760717
       3.720976     102.450098
     -51.059846      40.064581
     106.184465    -402.586221
      93.896090    -374.211420
      57.172190     -84.872329
     -27.295897      69.942243
      25.668856     -28.998918
      16.069140     -35.187672
      -8.750910      17.530209
      64.502386    -169.013737
    -100.903371     -46.767383
      44.461549      37.377012
     111.423208    -397.185889
     -20.714838      10.698025
     -24.100936     -39.580953
       6.964654     -39.367678
     -13.845859     -11.316426
     -79.701794      -0.521896
      80.678918     128.253168
      40.848861       4.954847
     110.620435      74.290391
      57.468156     -89.683497
    -122.508890     -65.301133
     -15.676633       9.207526
     126.853188     -34.180349
     121.658203      18.443954
     -75.307910       5.962448
      42.230586      19.562145
      -6.529304      17.451132
      71.238619    -222.349896
      82.267641    -313.218680
     -81.320654     -32.123815
     131.038380    -204.232355
     -92.293226     -40.152601
    -106.440350     -40.337223
     125.157885    -312.888470
      41.779621      13.243245
     -69.890713      13.848598
     -58.877016      29.369091
     -87.248496     -36.007556
      74.607467    -257.677181
      -9.592672      17.968083
     -16.593333      82.376492
     131.570165    -129.183818
     -30.484169      10.509495
     131.346873    -125.851592
      57.225879     -92.078983
      44.256374      31.196920
     -48.113751     -15.729823
      96.913092     108.929827
      89.256518    -353.900701
     -77.849936       3.016646
     -50.221784      41.770858
       5.094732     -39.557076
    -128.250002     -76.029034
      -6.009552       6.278765
     -66.012945     -30.773614
     130.127974    -244.587434
      73.264825    -244.529861
     131.170926    -203.341188
     -75.513748     -27.600382
       0.007779     -39.918955
     -72.570855      10.368195
      46.146521      36.095757
       5.542633       9.706378
     -13.714277       5.432594
      80.376335    -301.197903
      51.221014     -25.581908
      72.487531    -235.342451
     -40.010563     -36.788195
     111.178862      73.517965
      46.053585     130.665205
     -38.942919      55.099588
    -126.356556     -72.946667
      62.842199    -145.205187
     130.995482    -211.430414
     123.918576    -324.203809
     131.121878    -144.515529
     -28.424153      68.667950
     129.980248     -81.857913
     131.803172    -146.324655
    -128.730197     -74.108879
      47.007726      25.675246
     -18.356412      80.275061
     112.261373      66.631009
     108.674532      80.802439
      90.355187    -358.201563
     131.184902    -193.958637
     -32.781888      63.950439
      68.535961     132.767844
     129.512100    -258.958216
       4.703454      11.181701
     -21.527761     -40.381802
     132.047013    -150.805580
      60.628333    -123.302280
      60.893350    -130.105562
     126.431440     -24.272567
     129.779786     -71.044886
      57.155474     -90.596671
      93.010440    -368.277653
     114.638016    -387.961508
      -5.247599       1.919538
     -64.343421      21.720504
     129.959796    -227.524575
     118.116094      43.119313
      72.528538    -240.495310
      52.712281     -41.111302
     -68.512969      15.095199
     131.118569    -188.082975
     123.083241    -340.378422
     -43.805811      50.184757
      12.760361     -37.542528
     -18.032550      81.163329
     131.127611    -120.406695
      57.928777     -96.406855
      -9.057200      12.398172
     130.869367    -107.501304
    -118.980014     -60.372207
      48.141632      20.270630
      95.830102     111.113510
      59.119429    -107.899598
      48.410907       9.964328
     126.257842    -306.991308
     128.448777    -264.188811
     -70.324313     -30.281218
     114.816589      57.306944
     129.313829    -252.412650
     -37.828124     -11.564666
     131.095748    -155.868287
     -67.281809     -23.501354
     -69.977656      12.916852
     103.575004    -399.393135
     131.660440    -123.207933
    -105.994256     -39.482344
    -114.347980     -51.676134
     -54.189861      34.821476
      55.170799     133.138719
     109.941851      78.772626
     102.159483      99.491261
       9.639811     -38.201343
      99.549518    -392.673374
    -105.648612     -51.974994
      85.857391    -330.882624
      67.722521    -197.852974
     -17.013617     -15.613612
     -16.234189       6.911069
     -30.348909     -10.206466
     130.165947    -243.673759
     130.816743    -104.707741
     -62.790096      23.670753
     -49.049102     -15.864282
     -60.739339     -31.809142
      62.595564    -142.521118
     -76.414578     -28.019845
     -32.842853     -38.297146
     -74.695869     -27.096794
      48.261184      14.052634
      10.612833     -38.061001
     116.819215      47.049641
      33.738463     -15.108338
     -19.463348      79.021857
    -116.204722     -62.466473
     126.579999    -304.431353
      21.164601     117.351538
     -58.699513     -19.399496
     -29.900020       2.223109
      61.580274    -137.275458
      97.742066    -388.159270
      -7.340613      92.238920
      50.932077     -15.699909
     109.467654    -400.809942
     119.217957      36.288056
      71.140656    -223.333548
       0.614777     -40.667572
      64.330732    -167.816358
     114.992349    -385.253585
     -65.659237      19.322337
      50.325938     -13.962499
      60.331741    -125.918606
    -100.004007     -46.772702
       2.514144      15.207581
      48.963126       4.320572
      92.996366     116.582080
      70.461056    -215.732207
     123.188900    -336.867270
     -60.061080      28.049522
      -3.888814      16.725529
      81.736748    -305.873791
     -46.498383      45.782332
     131.649968    -183.540190
     -52.137049     -16.942445
    -105.394940     -38.460313
     -24.893533     -40.129153
     117.909291    -372.877779
     128.354412     -51.855557
      53.132315     -44.712103
     129.929854     -76.076285
     130.217160     -79.450126
      56.680283     -89.228996
     132.014903    -172.011061
     106.989625      85.661930
       6.763656     105.238568
    -129.048770     -76.579318
     -13.084123       7.155607
      12.949883     111.209370
      35.935388     126.654062
      42.588828     129.588116
     129.486631    -249.908108
      33.681623     -16.671920
     128.937837     -65.589351
     -90.533621     -16.304958
     124.735570     -11.334065
     -30.858828       9.677942
     -59.170416      28.475429
     -53.883626      35.692606
    -102.804085     -48.902264
     -73.721982       8.792604
      79.187311    -289.740349
      49.639390      -9.540346
     106.445531      87.592909
    -113.553742     -51.159950
     131.076187    -152.383615
      63.778166    -161.119073
      98.733795    -391.227084
      48.295662      16.698788
     -93.275353     -39.971132
      62.328395    -146.026532
      46.756349      31.793549
     -22.118648      76.384082
     -31.348107     -39.272177
     -22.146622      15.759498
     125.813248     -14.927605
     -18.184401       0.742410
      74.054276    -252.353820
      77.895373    -283.255058
     131.223366    -184.440609
     126.513882     -22.373133
      44.162750     130.604918
      59.536946    -118.181192
     128.293495    -270.674685
     102.731249      97.770246
      68.668101    -200.183629
     128.412756     -45.318338
      47.667129      26.354433
      55.733781     -70.072836
     112.384713      69.505491
     130.948067    -101.338980
     -85.374554      -8.987685
      69.691893    -213.137727
      95.431058    -379.605555
     -51.209435      39.169384
      78.983108    -286.251601
     -46.155327     -14.094510
     -12.206653       8.668941
      30.909685     123.787722
      97.409561     108.075106
     131.819676    -188.780142
     107.045785    -402.147208
     126.507175     -28.914159
     -12.116132     -11.944689
     121.744375    -352.024641
      -1.975130      16.833599
     129.563955    -242.889986
      -4.671790      17.347019
     101.137048     102.192062
     129.526926    -259.887890
      17.920829     -34.398478
      38.351845     127.836009
     107.600148      86.387904
      65.547821    -178.118441
    -104.478315     -49.705088
     131.566338    -168.762935
      38.646444      -1.806907
     122.525246    -341.148416
     125.996613    -306.130263
     -12.092640      17.237908
     -38.608914     -12.035028
     -15.300580     -40.463685
     -13.509240      17.797211
     -19.177995      79.914320
     -70.768405      12.466085
      31.806926     -19.988085
      -7.371502      17.961791
      44.092887      34.920902
     -27.804477      -9.405217
      45.890571      39.701937
     -32.151402       7.641574
    -124.183050     -68.465904
      73.981082    -246.066938
      75.799332     130.594490
      62.316736    -141.629405
     -89.763025     -37.817241
     -68.561128      16.050939
     -15.706496       7.754110
     116.653160      48.879547
     131.176486    -189.501032
      57.771220     -91.357769
      95.742068    -382.347540
     122.624392    -339.558864
     125.510202    -313.823429
      36.387258      -9.254750
      90.881802    -361.720841
     -10.991092      87.402280
     124.762186    -318.359146
     127.416902    -281.607769
     119.506385      32.870263
      -5.853399     -12.681723
     -45.387166      47.283882
     131.504819    -135.247856
      85.410472    -331.712859
    -126.998839     -71.786827
     -48.649968      42.969329
      26.155734     -28.194172
     129.958541     -74.831437
      39.282941     128.147048
      74.117241    -248.860261
     131.468640    -151.579465
      68.687902    -201.091258
      49.479878      -7.741617
      59.761517    -119.048984
      54.528995     -66.939756
       0.410735      -5.937543
     -46.090170      46.625746
      41.212423       9.109340
     -10.509268      18.072966
     -36.021390     -11.079538
      54.058434     -58.540052
      -3.391885     -41.043193
     -25.060571      72.587038
      47.470384      21.999344
      74.014561    -247.929661
     131.287517    -174.700797
     120.404759      26.776478
     -57.554393     -33.266755
     126.565959     -23.298566
      46.802785      34.528467
     130.675907     -99.870066
     -75.350947       6.926087
      66.890227    -188.881275
     -19.472296      16.400268
      82.020295    -310.963761
     123.836842      -1.399674
     -31.272321     -10.267804
     -23.968724      15.192640
     -30.868597       2.328393
      58.514581    -109.647009
      32.543323     -17.805736
      84.142272    -324.614250
      55.274339     -64.227970
      84.594807     125.973987
     -40.224852     -12.769577
     130.289817     -89.712382
     130.364466     -88.724060
      64.941552    -173.241429
      78.533278    -285.396100
      91.221275    -363.391548
     120.620323    -359.172845
     109.039880      79.019069
     124.349125    -322.917603
     127.042957    -286.041624
      63.984986    -157.549555
     120.072179      24.997862
      94.431040     113.472063
      -1.333157      -2.735954
      11.843700     -37.423011
      68.767019    -204.292267
     -15.203461      -1.441342
     -62.579714     -31.892914
     -29.745953     -39.696602
      57.882016     -93.763492
      52.519280     -37.462028
      78.532350    -287.085124
      65.008797    -172.251217
     -28.487031     -10.066584
     126.883373    -296.031379
     127.440509     -33.470438
      55.793569     -78.852298
     -94.707166     -41.068275
      19.448370     115.340110
      83.686165     126.158716
      78.417643     129.415767
     -24.944769      -9.030882
       4.155232       1.482301
    -126.813649     -70.900752
     131.095560    -206.853635
      52.019294     -27.039297
      39.306860      -1.112062
     123.493042       6.884889
      54.387979     -60.772668
     131.679430    -154.281572
      53.466971     -47.516497
      10.946514     -37.183375
      84.588179    -323.752987
     -44.512261     -36.162717
      85.901434     123.416032
    -120.263135     -67.020291
     114.563781      56.343095
     121.569772      16.521190
     127.867762     -48.134318
     -19.199483     -14.075140
     -25.852230     -40.054765
      71.917277    -234.557139
      79.148947    -291.492764
     132.030042    -161.595369
      69.948413    -214.906826
      60.514379     134.083160
     -14.335274       4.009544
     -15.303752     -16.012602
     130.296938    -231.970151
      68.445732    -197.205224
      52.328199     -38.376928
     131.675006    -182.066956
     111.429299      72.630346
     -29.753970       0.805884
     -55.942998      33.963228
     -38.564588      55.940282
    -100.366309     -32.382765
      -7.696638      10.145327
      89.826978    -355.499785
    -112.196243     -57.937995
     126.582278     -29.820987
     -32.907025     -10.537371
      76.650956     130.245821
      16.796912     113.145111
     131.365876    -116.025862
     131.398803    -166.115426
     130.556738     -93.898849
     116.899323    -377.439380
     128.775689     -66.559462
      -1.490469     -40.881990
      87.940964    -347.289699
      88.498134    -346.563484
     122.388660    -346.552133
      64.005202    -163.320207
     -29.228305      12.314797
      94.788237     114.353728
     -96.188172     -25.432491
     124.760143    -323.751754
     107.216203      84.344794
      42.394583      14.998914
      95.720488     112.029100
     100.141701    -394.228424
    -112.619004     -50.947049
     118.798690    -368.264885
      64.520616    -166.878747
      58.275362    -104.553404
     124.058152    -329.283700
      58.844543     133.737811
      77.862647    -280.636367
       7.698351     -38.774913
      -8.180629     -10.490983
     128.397784    -266.661201
    -112.010993     -49.098491
      63.615363    -160.184113
     -19.272299     -12.140780
      48.079963      15.750045
     118.000882    -371.987401
      44.074235      39.795562
     114.615399      59.717087
     -70.478934     -25.495819
     119.312787    -366.520104
      50.377966     -14.935308
      29.615746     122.547944
     -35.185001     -10.706978
      27.845090     -26.012842
     130.318356     -97.443392
     122.014056    -347.396869
      51.260633     -24.621541
     124.974202    -317.396004
      71.908216     132.648429
      54.833849     -63.408996
     131.768455    -126.650125
      53.375155     -46.534140
    -119.416327     -65.440947
     106.669323      86.646128
    -111.900613     -56.993398
    -125.878705     -70.549011
      51.863524     -27.991644
     -29.223547       1.535403
     123.691456       0.089544
      -0.227815      -0.900194
     131.024370    -112.414940
     131.694885    -170.553554
     127.909817    -272.454916
     103.397222      95.049056
     120.048336      27.661344
      66.320504    -180.695869
     118.004018      37.702718
      53.727491     -52.059373
    -112.423803     -49.985975
     -17.318464     -10.132180
      66.314583    -186.326162
     131.868869    -157.499296
     125.471163     -19.648710
      30.002957     123.428336
     128.881427    -261.509412
      72.338637    -238.073581
      56.512917     -82.572720
     113.823089      62.036677
     -23.404503      74.240188
     121.553537      21.762644
     128.945404     -67.483763
      41.413320      11.847493
     -59.271108     -20.193902
     -73.776155     -26.926881
      55.255056     -71.482719
     131.627056    -134.342325
     -20.839974     -10.254299
     110.704684      75.973541
     130.649916    -222.237339
     -46.299542     -35.514408
     -52.040199     -34.489877
     -41.499269      53.082599
      50.309612      -6.109716
     -13.067124       6.170315
     131.501125    -173.803009
     126.796625     -35.161409
     126.968405    -299.530697
     123.500938    -332.368168
      66.715911    -189.826866
    -122.564525     -66.248331
     131.724977    -185.246465
     -21.681284      -6.296652
     -59.361173     -32.995455
     130.571166    -235.676240
       4.693421      10.195069
      43.303290      26.464669
     123.448573    -329.998855
     102.633676    -399.657876
     124.877145    -316.411482
     121.243587      19.334702
      49.400368      -2.503297
     -29.580105      67.337993
     127.369431    -286.874493
     -23.246726      -9.632480
     -17.694302      -9.276958
      69.448404    -211.509921
     -20.746382      77.643218
      56.858877     -87.608561
      33.860594     125.297789
      75.141424     131.207613
    -115.770361     -55.570024
     128.179868    -277.879118
     130.350263    -234.718190
      77.796347    -276.041935
      88.849624    -347.545733
     128.055691     -42.597327
      41.989009      15.823244
     -77.782833     -29.243960
     124.742802      -7.226597
      94.977630     112.695348
     -66.421810     -23.116838
     117.473084      43.851993
      74.978496    -255.819072
     -43.813010      49.199772
      85.954100    -334.802962
      36.676630     -10.151806
      77.530093    -276.953782
     126.784429    -302.742740
     -93.773783     -40.821115
     130.468059    -224.138227
     -10.883556     -40.719732
    -127.412401     -75.561008
     124.807316     -12.448841
      47.333754      24.771521
      -4.070506     -40.348967
     131.493474    -142.762319
      59.861185    -122.733518
    -101.803797     -48.023026
     -18.747687     -14.921951
     130.851975    -213.234498
     130.958164     -99.019782
       1.920135      -3.489199
      74.100994    -254.173342
      49.179205       7.113031
     -17.841767     -15.214670
      50.406822     -18.311153
     122.224891    -348.342023
      15.251093     112.673366
      93.349860    -370.667383
      57.948070    -100.065817
     -32.122875       5.307352
     -39.631628      54.523148
      49.708089      -8.648373
     -74.562494       7.536751
      77.856619    -278.786854
      59.751218    -120.009840
      83.199175    -319.574452
     121.751877      20.107802
     131.357659    -121.378744
     -68.858737     -24.593728
    -128.147583     -73.359997
      -7.643855       8.319442
     131.253837    -179.029280
     -18.422157      -8.662989
     129.900938    -228.917289
      51.657126     -29.634856
      86.366456     124.180281
      41.691143      10.955397
     131.210469    -209.643231
      16.713549     -35.852302
     115.851735    -383.627491
      73.572385    -243.012793
     -17.267124       0.394237
     123.407176    -337.790553
      56.535675     -84.170885
      91.624386     117.886037
     -40.897969     -37.058825
     -33.739629     -10.897756
     130.097277    -237.520582
    -118.349747     -58.948321
      18.549212     -33.697716
      85.623814    -329.050700
     120.456221    -360.152951
     -97.832792     -43.948831
       1.302587      -4.246557
      55.831603     -76.020763
     -82.068377      -3.454788
      52.203577     -36.558767
      81.358500    -301.384931
     -55.147131      34.539773
      57.169343     -86.729132
     -12.507277      -4.037019
      95.737288    -381.409676
     -17.039903     -40.916915
      51.198776     -26.505234
     122.460659       9.463501
     118.432446      40.440902
     130.537315    -214.841884
      23.386809     118.277130
     129.695102    -250.792192
      74.928228    -256.735185
     -10.282039     -11.560519
      91.056487    -358.904178
     126.156295    -301.114389
     -28.073790      -1.262287
     -47.012094     -14.454567
      82.238483    -310.034463
      44.653142      42.230279
      23.418786     -30.489551
     131.751565    -167.033474
     -62.077593      25.216778
      50.192084     -10.298816
     -56.665011     -33.720077
      48.691555       2.545671
     119.582377    -364.622165
      63.232530    -156.925110
     -90.904515     -17.958305
      10.706036     108.383764
     -42.737389     -13.624362
     130.488701    -215.880930
     131.645166    -124.157143
    -107.372229     -41.704145
      32.370625     124.806541
       2.466198     -40.242669
     -82.830499      -5.081416
     131.168026    -109.954769
       5.804654       7.431586
     -26.321430      71.320531
     128.472182     -55.363041
     -65.052052     -22.008863
     -49.453599      42.458784
      -8.944701      89.851261
     129.128601     -57.151596
       4.140261      12.141234
     130.690887     -95.554659
     115.582897    -384.529967
      92.253620     117.133063
      80.418560    -300.253107
    -116.592457     -55.969871
      87.214523    -339.735094
      72.396486    -236.256121
      49.835950     -12.121820
      54.515688     -62.556466
       5.416033     104.328737
     126.402278     -25.216094
      27.746385     122.157394
     127.660099     -36.549265
     -10.889551     -14.537405
       8.237290     106.374482
    -106.486556     -41.243476
      70.390449    -219.023913
     105.982815      90.795859
     123.120261       4.322646
      75.689765    -261.606757
     122.968944       5.215402
     130.539449     -83.592780
      89.707303    -352.215269
      33.490335     -17.594139
     -22.694708      75.638732
     112.948924      63.568620
     -88.888631     -36.723088
     -42.605540     -36.558130
    -119.545488     -66.383206
      -2.430213      -9.024829
     131.109550    -136.107507
     130.973193    -185.811866
     116.299619    -381.783381
      58.542924    -108.675166
     -44.522861      47.677945
     -50.089535     -34.787619
      47.520679      17.194415
      42.303287      16.769250
       8.209742     107.295344
     -31.943375     -38.588272
     -55.532985     -17.929799
       4.202682     -39.464416
       0.788765      -5.020542
    -110.396794     -55.826408
     -79.020320     -30.673408
     125.847652     -15.918858
      98.077590    -389.078505
      88.312129     121.155612
    -118.676225     -64.914185
      49.610065       1.093244
     -67.658222      16.476398
     -31.120623       3.702654
      37.997010      -3.181440
      61.140722    -127.476771
      51.867057     132.488661
      40.527469       5.818606
      -5.119602     -11.288909
     -10.224908     -15.159694
      77.176198    -272.490346
      -6.745109     -40.495647
      70.729822    -220.725838
     130.660355    -226.870656
     129.052559     -64.608490
     -72.865773     -26.755599
      -3.583276      -0.298378
     -25.869351      -9.041182
     110.321975      76.892881
      56.030762     -79.763236
     130.475735    -102.170401
      -9.857039      -5.504294
     112.856409      65.959371
     131.399570    -199.030939
     131.728132    -191.211844
     130.279803    -238.447986
     130.304059     -98.408865
       0.000000       0.000000
    -121.035329     -67.590268
     -32.068405      63.394701
      56.251672     -81.608704
     106.024595      89.899775
     -14.365186     -40.543726
      49.598598      -4.354812
      46.194882      40.566056
     129.334068     -69.312986
     -19.115518     -13.098095
      66.285575    -185.344253
     -21.348673       5.178897
     -60.282194     -32.686999
      40.682377       8.385876
     121.262527    -350.195080
     130.837628    -210.502838
      43.448523      27.382787
     -46.670423      44.888615
     -16.095451     -15.484583
     -58.462634     -32.889707
      67.664008    -195.468482
     129.621880    -246.424009
      93.457208    -371.598847
      89.867989    -353.187680
     127.754023    -284.003905
     131.595124    -138.682091
     124.982508     -14.457358
      40.105526       2.403329
      63.247555    -150.343462
      87.709871    -345.129710
    -114.205761     -59.528344
      37.056059      -8.590660
     125.954543    -307.842334
      96.645825    -385.000631
      27.383428     121.249808
      36.108340     -11.934563
     119.639825      31.920304
      78.156703    -279.687318
     129.912263     -92.124472
      87.070010    -337.891684
      -7.886572     -14.104880
     -12.942739     -11.459923
       9.165547     107.470069
      65.155882     133.768839
      62.312836     134.072138
      -6.044475      93.271042
      25.846762     120.181731
     -26.638452      14.695038
      36.441426     -11.078701
     112.983152    -394.849395
     129.299410    -257.717847
    -111.085728     -56.546800
      -2.482862     -40.985026
    -114.845463     -53.414593
    -113.212804     -59.411660
    -100.887125     -31.634323
      75.154514    -259.533740
     -40.287292      53.911029
     127.086154    -297.674878
     -90.698842     -37.833847
     131.882695    -158.452261
     -36.675428      58.741240
      81.615101    -304.267297
     131.961718    -179.640172
     127.592076    -280.651151
     -89.799620     -14.702028
     -95.079646     -23.949437
      44.464176      33.055315
      66.383559    -183.484108
      82.826788    -311.359983
      98.910107    -390.304097
       2.852239     102.070073
     131.446402    -153.310601
     128.685958     -54.491950
      47.498462     131.771436
      46.997301      30.905408
      92.509408    -366.161727
      57.205399     -88.491781
     -78.690393       1.025273
    -104.263303     -37.010427
     130.716288    -230.401400
      40.011977       3.372284
     130.803184    -208.736336
      46.972325      27.034124
      59.729591     133.521104
    -105.083330     -39.334901
      41.224104      10.086622
    -117.849126     -58.133041
      48.409772     131.538454
     -61.678355     -31.755658
     129.602886    -249.006334
     128.578026     -60.486760
     115.278164      53.745705
      64.154552    -165.166050
    -124.699609     -71.637557
      -8.438608      10.647323
     115.863438      50.418521
      44.101579      28.047871
     -39.337042     -12.575416
    -120.517708     -62.489916
     131.231070    -200.005995
     -19.222310      -8.246566
     106.295686      88.986402
     -86.283402     -10.592217
      44.732232      40.427059
     -57.143129     -18.154113
     -12.590707     -41.241550
     119.486789    -362.153521
      55.001669     -66.110722
     131.497844    -193.030841
     122.831876    -342.996600
    -122.276698     -64.398534
      90.483396     119.385254
     -21.209807      76.800435
     127.824559     -47.137145
      79.736807     128.157900
      -5.587438       2.816872
      86.736502     122.969504
     122.031095      11.070522
      58.022015    -101.048696
      52.310593     -35.624901
      37.368310      -5.206294
     131.334069    -114.164424
       5.006127       8.928981
      39.955017     128.795667
      38.872204      -2.708978
     -63.525628     -31.855364
     122.485009      14.390440
     -11.834072     -40.644728
      -4.986443     -40.554953
     -64.133634     -22.043823
     100.933513    -394.707884
      70.630389    -221.649787
      82.182835    -308.385461
     130.846098    -207.796084
     -45.257916     -14.303699
      78.777392    -287.983746
    -123.934494     -67.534753
      39.738869       1.397036
      57.457216     133.198342
     -73.663285       7.870303
      58.062380     -97.295820
     129.773687    -241.008045
     128.840034     -62.169801
    -109.196646     -54.116894
      42.090796      17.719741
     -52.144206      38.947394
     130.925202    -198.178448
      31.815376     124.013623
      -0.581649      97.857947
     -84.532305      -7.709111
      68.927535    -202.023599
      -1.684271      -8.460496
     122.133762      12.022785
    -121.558986     -63.853134
      64.405014    -164.203889
     107.748305      85.082335
     -47.222186     -15.344693
      17.538417     114.716052
     125.541943     -11.796859
      49.235645       3.361003
     -84.165295      -6.379686
     119.587463    -360.385824
     130.598519    -216.834918
     115.411924      54.695109
     -23.551640      -5.716757
     125.623532     -12.919533
     -85.382136      -8.067442
     -63.053021      22.769450
     131.216343    -205.128066
     -72.203964     -26.054652
      -4.237292     -10.885745
     118.787258    -370.338392
     123.983784      -3.067323
      97.125736     109.870226
     -47.184775     -35.314073
      94.542374    -374.833226
     107.902139      82.572796
      60.836159    -131.969245
      22.448642     -30.579326
      69.377824     133.180824
      50.245940     -12.970510
      87.628726     122.798652
     131.212392    -128.330223
      48.318222      10.859395
     128.818720     -56.202984
     -10.196892      -6.367909
     124.052361      -4.913019
      67.601018    -190.094440
     102.782700    -398.749505
       1.014412      99.953205
     131.281393    -139.630669
      12.552150     110.326589
      48.293859      18.882260
      58.373221    -107.330701
      66.096331     133.940438
     -21.155255       4.279943
      40.852596       6.761705
      43.477414      22.943022
     130.434877    -232.926839
      88.863355    -350.568612
     131.649477    -194.812807
     113.291996    -392.357578
     -11.191745      17.468134
      70.284999     133.172428
      59.346508    -111.171337
     118.501624    -371.222809
     127.111900     -32.607605
    -103.636697     -49.277334
     -21.677314      -7.256961
     -14.481656      84.197727
      91.233234    -360.088320
      70.937895    -219.761921
      88.970542    -349.621476
     -40.505161      53.040661
      20.583954     116.605763
      85.387212    -327.854263
      34.591037     -14.774389
      68.899993    -207.045802
      19.479047     -33.804343
     -22.531799      74.700859
      -7.793522      -9.645594
      -6.705609       8.265253
    -108.933375     -55.073409
    -110.938871     -47.494644
      92.018903    -365.314191
       3.131364      14.437525
     131.248600    -119.477764
     129.678095    -254.183815
      65.932084    -182.145264
     -66.588777      19.026479
     -25.340605      -3.781133
    -123.325366     -66.768953
      72.020464    -232.767816
     -11.194391     -15.432997
     128.147523     -52.753589
     -95.558011     -42.380932
     -85.940661     -34.660959
    -115.256103     -54.776514
     120.879355    -358.310732
     -88.799047     -37.634361
      55.860080     133.818344
      44.434223      41.291451
     130.651849     -91.574828
      46.260522      43.620885
     127.581761     -44.957601
     -28.940728       0.403659
     -76.982891     -29.692831
     -41.797299      52.144472
     -80.797505      -2.111643
      23.793657     119.177968
     112.110417    -396.546371
     128.307762    -267.951606
      92.075911    -363.799483
      51.248995     -22.809869
      68.964097    -206.049777
      14.346146     112.293365
     -64.321278     -31.425698
     115.254910    -386.196933
      -7.866054      17.155531
      76.859694    -269.724456
     110.235171      75.106499
      -5.880314       3.717916
      51.304859     -20.960377
     -91.135009     -17.061574
     110.808104    -397.940276
      48.814744       6.225761
    -114.767567     -60.284500
     -35.881632      59.294321
      43.447453      25.497483
     -68.561020     -30.265939
     126.038297     -18.892052
      53.342901     -42.938704
      66.736446    -181.579570
     -12.131780      86.668141
     -43.594042     -36.419612
     -92.273894     -19.281299
       4.320662       3.314119
     -15.879152      83.048463
     126.426111     -28.006425
     -27.246300      -1.763973
      68.141201    -202.569614
     104.868843      94.089591
     128.196676     -44.228165
      79.454898    -293.610589
      84.691197     125.067159
      38.285442      -5.080818
     131.312541    -140.613932
      44.243496      38.310232
      74.545501    -255.007847
      57.595902     -92.912915
    -103.407607     -36.665034
      53.866906     -49.355346
      -5.615926      17.390851
     -20.030748     -10.743424
     130.069996    -231.051212
      42.318476      18.592225
      69.359214    -207.913893
      76.025915    -269.338193
     104.337479    -401.045422
     131.223102    -103.876600
      61.382381     133.794540
      -4.268269       0.371630
     130.829761    -117.788142
     129.266822     -75.425177
     125.325179    -315.524635
      52.262567     -39.296739
      64.004175    -156.328825
       1.942466     101.234672
      59.153899    -110.279149
     -76.178813       4.823214
      79.063445    -284.580155
     -60.696646      26.301001
     113.737414    -390.616994
      92.517363    -367.154585
      49.914198     132.576807
     -56.547825      32.202508
     -32.064728     -10.856672
     112.504500    -394.086445
     130.760400    -105.679883
     128.926531     -58.031264
     -28.809442      67.852749
      50.624857     -19.262713
     100.475607     102.921911
     -19.797330      -7.549753
     126.750664     -30.760055
      76.169328    -268.413294
     131.466854    -202.424801
     -23.019745       9.851486
      79.897071    -295.066402
     124.493853    -324.934877
     -86.759360     -35.225263
      75.700176    -264.230899
      54.985240     -70.601970
     130.493527    -111.610611
    -129.393357     -74.857230
     -61.215083      25.472222
     -30.428743     -38.926946
     113.694812      62.928296
      65.830302    -173.571181
     -22.634289       5.928421
     -13.531114       4.468923
      85.618950    -329.993249
      74.374509    -253.292084
      24.898103     120.109246
      64.733154    -165.947947
     126.947014    -291.524722
     -43.707160     -13.429713
     -24.315898      74.274337
     104.381960      94.883441
      84.873759    -325.293196
      80.227585    -297.674644
      48.993975      -1.662127
      60.842061    -124.197164
      35.258554     -12.442274
     131.318578    -171.404424
     131.059369    -141.918352
     131.020075    -182.805488
     114.233448      58.075722
      -9.924737      89.994007
      71.900803    -228.361781
      63.092746    -152.886046
    -114.444392     -52.586608
      76.826457    -270.714836
      99.140710     106.355407
      32.919546     -18.711632
     -41.950027     -13.119358
      -5.571193       5.465733
     114.968458      55.519452
     129.288769    -253.331708
     -23.840591       7.237930
     -11.991758      11.798361
     -22.403337      10.528708
      44.067057      35.869418
      47.239979      28.921989
     -94.699940     -41.963828
      74.461370    -251.553481
     -27.028746     -40.028872
      83.362344    -318.635854
     126.420685    -305.321631
      55.259889     -67.523607
     -79.007499       0.133633
     117.454228      46.361516
     118.266681      41.426559
      84.182400    -322.889422
     -88.848576     -14.840675
     131.636092    -149.727947
     -89.111074     -13.916761
      63.958767    -159.354602
      49.931512     -11.160220
     116.060064    -380.918528
     -17.597661      16.641635
     118.461572      39.451830
      87.187900    -342.535176
      50.723596     -20.156897
     121.786518      14.986574
      71.439264    -229.155056
     -38.460188      56.897912
     -98.408634     -27.958138
      51.196052     -23.704976
     -56.048523      33.023646
      73.390394     131.378100
      48.317197      13.082054
      -5.536475       4.558552
     131.717322    -162.502536
     -16.797504      10.452650
     130.943584    -113.337925
     -28.132246      69.542450
      91.471660    -364.542153
      37.573982      -6.164902
     115.157842    -387.112070
     129.175285     -74.381897
     -93.123602     -19.628199
    -123.908347     -71.036869
     -64.940235      19.948695
     123.537438       5.915545
     104.553790      93.195816
      53.503694     -48.512507
    -101.694246     -33.706854
     -13.011278     -15.055003
     -67.872170     -30.952312
     126.173786     -21.246011
     -68.044548     -24.052521
     131.890374    -141.378315
     131.781339    -127.632378
     115.906365    -382.635702
     107.946639    -401.951750
     -11.346838      13.493791
     119.593629      30.110486
     129.285608    -255.008448
       4.674985       4.186549
      83.832326    -320.294764
     -27.132135      13.928895
     121.099825    -353.369291
      -1.358263      97.337929
     120.150056    -362.823546
     124.185369    -327.485315
     124.549158      -8.202240
     -99.407162     -30.498964
     -19.822222      11.109630
      72.845376    -243.688531
     128.616256    -269.775231
     108.381251      81.730580
      -0.979903      -7.828738
      -0.592234      16.550078
      61.714447    -136.313114
      43.540855      28.817728
    -108.543203     -44.431102
     -16.580086       9.477972
      99.981642     103.684949
     117.768843    -373.811394
       5.253485       5.898742
      -7.112610       7.464209
      -2.754444      -9.893696
       9.834620     108.118309
     121.295172      20.891376
     -64.476401      20.821033
     125.725388    -314.720761
     128.212711    -283.210902
      65.791661    -174.519219
      -0.264336      -1.865051
      72.697842     132.083354
      83.041208     126.894799
     -31.115449       8.765222
       1.099278     100.916233
     -13.920193     -15.442516
      52.841771     -42.079684
     120.580364      23.262213
      -9.369303     -11.771740
     118.872202    -367.336294
      42.168315      12.333777
     104.096946    -400.126503
      47.367465      30.054541
      46.647894     131.352447
      71.327260    -231.618732
      59.927944    -115.488042
     -76.285013       3.914467
      18.532745     114.683920
    -121.882315     -68.121557
      17.167507     -34.999394
     -15.184537      83.614808
     122.139743    -345.680854
     131.422456    -180.414574
      90.603930    -360.808256
     107.607335      83.441376
     126.292599    -303.505628
      62.648671    -147.893168
      77.519768    -275.173969
     127.063375    -292.449661
       3.267715     -39.723179
     -49.847790     -16.325475
     -52.860142      37.296268
     117.290316      45.381946
     131.843593    -148.839713
     -89.993615     -15.589490
    -119.190532     -59.424189
       4.127121       2.426143
     127.937451    -276.983075
      59.733113    -116.418672
     -97.490257     -26.799201
     128.450007    -274.248499
      52.264850     -30.396552
      64.084433    -162.417572
     131.568149    -172.891709
      -9.931141      89.003199
      58.372600     -99.221291
      39.204388       2.186705
     127.358463     -37.481177
      56.072192     -77.990965
     130.562271     -84.531112
     -76.220730       5.766404
     -37.637950      57.329820
     -83.624737      -5.567987
     -28.753098     -39.612335
    -117.000155     -56.808494
     -29.977211      11.674022
     -34.695989      60.770841
      63.309105    -148.601590
      68.226872    -199.391599
     128.277048     -53.679793
      48.009404      11.791283
      52.909208     -43.761450
     104.685878    -401.936636
     -44.519210      48.593971
      82.868763    -314.492704
     129.653703    -247.323881
    -108.450376     -43.071588
     128.069220    -275.137389
      56.371584     -86.324001
      76.110043    -266.922771
     130.629239    -110.676301
      43.279115      23.917513
     131.651652    -136.824285
      58.402084    -106.385351
     128.386074     -46.312292
     115.162153      52.817323
      81.508283    -302.351889
     126.679590     -26.076096
     130.005059     -78.514339
      42.732720      21.239037
       3.951894       0.543504
      -6.820725     -12.576721
     -42.195110      51.239489
     129.806276     -87.942119
     127.890815    -276.049916
     -60.162034     -19.973517
      86.242515    -335.707360
      79.154096     128.906040
     125.000164    -319.324737
      54.979603     -65.145244
     128.722806     -50.607666
      53.708255     -53.057934
      71.212184     131.959194
       2.893733     101.146103
     -96.639254     -26.323238
      82.087467    -306.756170
      29.964397     -22.905999
    -112.964003     -58.516614
      -4.874895       1.070814
     118.446656      38.550525
     125.419128     -20.643134
     -99.092095     -45.099878
      45.342086      44.013907
     100.909819    -396.233254
      78.305585    -282.390019
     129.597432    -245.432031
      75.637184    -263.234898
      29.123176     -23.433484
      33.310079     124.465223
     -17.076641      17.483896
      82.832038    -315.399871
      47.970810      21.220476
     -58.444948      30.268583
     123.351983    -335.886296
    -117.047238     -57.734430
      44.755165      39.120099
     -48.102247      43.784184
     131.794443    -175.475556
      -5.895563     -40.907446
     -31.682694       6.850763
      64.004506    -158.459886
      67.438471    -194.494308
     131.254418    -116.916150
     -25.888365      -2.988336
      20.810803     -32.841370
     -26.440835      70.394012
      56.775781     133.915272
      60.984051    -126.589485
     123.682976    -330.878614
    -115.308356     -62.026087
      52.505927     -34.749270
      57.358072     -94.591000
     131.490365    -206.022716
      53.314517     -51.166510
      67.089945    -190.904490
     123.137894    -334.142558
     127.701665     -41.775559
     121.818138      12.914974
      54.918061     -68.354271
      47.197597      22.893665
     -36.816823      57.801130
     -51.163035     -16.877725
     -15.561028       5.317728
    -103.063237     -35.794440
      73.823619    -249.800587
      45.130091     130.706679
     -14.837081       4.759231
      50.026645      -5.227019
      62.338298    -143.393212
      93.085973    -369.234133
     126.037391     -26.710857
     -80.213919      -1.338139
     121.273619      23.897934
      15.356502     -35.834389
     125.431592    -311.247121
     128.445070    -265.146400
     -10.692382      -4.658161
     124.254590    -328.404700
      83.524062    -316.825450
     128.751938     -63.756452
     -69.439612     -29.840639
     -33.609915      62.287304
    -119.477222     -61.118279
    -110.537932     -46.589857
     -23.404175       8.122479
     129.921961    -229.916696
      80.437313    -298.648215
     -16.274368     -40.391163
      -9.179505     -40.544082
     128.906332     -58.954267
     129.229928     -59.831725
      65.148350    -168.357643
      58.268617    -105.500234
      47.807278      14.842257
      60.671948    -129.226949
      63.332555    -153.818404
     116.379602      51.230426
     130.310474     -81.005335
      79.546005    -290.612397
     -23.010645      15.317210
      61.047567    -131.073616
     -85.016710     -34.349475
      98.915189    -389.398613
     -93.864820     -21.546500
     131.802831    -163.398104
      -0.261700      15.618075
      59.482956    -112.077371
     -57.165482     -19.101491
     -50.754175     -15.980362
     102.775176      96.856214
     114.224192      61.142177
      83.709408    -321.195171
    -102.523849     -34.059545
     130.234292     -85.465266
     129.041416     -68.445811
     131.789984    -178.246335
     123.245864       1.765853
     130.847975    -200.865939
     -76.991580       3.296214
     129.181349    -248.121866
     -53.952904     -33.573457
     -17.667382      10.673152
      -2.941770      16.802173
     131.054268    -108.429623
     114.006152    -389.351146
     129.865083     -87.024426
       2.276561      -2.580195
      80.026027    -296.001916
      53.698794     133.066758
      25.088934     -29.683542
      72.518703    -238.998013
     131.799715    -155.176039
      -4.545116      94.428060
     -23.029375       8.941457
    -116.684986     -63.273188
      27.270438     -26.714142
     -16.438372      -0.037882
      90.406348    -359.528128
     122.590449       8.489098
      53.164805     -49.996506
     124.882588    -321.139785
     -36.099001     -38.407098
     129.858699    -240.081547
     -71.920590      11.121879
     127.610294     -39.975167
      80.255548    -294.184521
      77.474370    -277.883949
      98.808096    -392.144444
      39.585484       0.508520
       5.087079       5.003552
      75.874852    -266.019116
     114.497357    -390.120737
     130.583768     -86.366961
      46.816455      35.495269
     -57.372162      31.809345
     132.004282    -169.660463
     129.098951     -71.726940
     -11.974719      10.297721
      65.519976    -176.280189
      73.230017    -245.525818
     -24.439719      73.283508
     -98.155880     -44.851195
      92.804629     115.705820
      48.341060       7.505959
      81.301697     127.477828
     116.981956      48.001339
      69.537918    -214.051200
      60.711780    -128.319075
     -49.120977     -34.695960
      86.792988    -340.587261
     129.000414    -265.931987
     131.073301    -133.616308
      89.840403    -354.604058
     131.497181    -177.349277
      72.823781    -241.370168
     -78.376364     -29.966958
     -88.764993     -13.010031
     -35.233803     -38.136358
      61.710255    -139.943654
      -7.197834     -13.481857
      90.832659     118.461727
     -63.993403      22.596524
     118.202706    -369.553087
     131.595768    -145.387789
      92.129198    -367.999123
      -9.252255      -6.532761
     117.063608    -378.424244
     101.702583    -397.791624
     -41.866902     -37.111522
      69.757132    -210.606047
      -3.042426      96.671891
     131.115279    -124.896932
     -54.842536     -33.404723
     -69.691332     -24.989158
     -26.894813      -9.391579
     125.716496    -309.548696
     130.966451    -225.949601
      30.772162     -21.566427
     122.679786      10.384662
      21.906698     -31.363191
     130.914449    -217.730566
      80.909185    -299.445132
      74.120718    -250.647484
     -69.280107      14.618142
     122.554584    -342.066654
     -45.415349     -35.781451
      35.276216     -14.107961
      64.184755     133.625851
      89.424711    -351.271023
      82.688737    -316.358196
     -30.904564      11.365200
     101.464978     101.276546
     -56.257471     -18.523627
      -1.217664      -1.768019
     116.241408      52.136737
     -36.925460     -11.330219
     131.191857    -159.060169
       5.042224      12.056151
       4.482045     103.559525
     130.349687     -96.476206
      47.734589      18.074944
     -17.295205      81.705148
     131.294952    -167.883855
      45.689152      41.349777
      26.527504     120.861001
      58.227366     -98.259078
      51.663718     -33.068201
      99.616797     104.573965
      81.205054    -305.148627
      69.273586    -205.105855
     131.673450    -132.878605
     124.553452    -326.637354
      49.293693     131.841516
      46.478881      41.852101
       2.352958      -1.685644
      65.430634    -175.371161
     129.762045    -241.975220
     -96.539323     -42.271493
      60.131967    -120.880119
     127.523117    -279.663198
      -0.114211      98.692333
     120.530057      28.511034
      89.755055     120.058964
     128.524733     -48.815950
     130.358108     -82.685727
     -19.795226     -40.855599
      47.445912      23.783141
      40.725859       4.044915
      94.886537    -375.996083
     131.135533    -186.718287
     -98.547741     -28.910269
       1.570080      15.509380
      30.853430     -22.497301
      59.438553    -114.648747
      53.968490     -50.445891
     -21.693377      -9.776774
     121.410310    -351.083211
     -26.672804      -2.507799
     124.863351      -5.443816
     127.209544    -285.135585
     129.746365     -80.263833
     130.542650    -223.157005
     102.618144    -397.822689
    -106.526201     -52.223981
       7.551903     105.686213
     -73.067313       9.502892
      50.229931     -16.403267
     126.836264    -300.510170
     121.305512    -348.388755
     -34.104520      61.529104
     121.257116    -354.275432
     -80.807232     -31.312194
    -114.744101     -61.206879
       3.123863      -1.202746
      76.787574    -271.618829
     125.212024     -10.512968
     131.269682    -215.424902
     129.575439     -72.524222
     -39.417140     -37.552285
      55.415905     -74.137363
     126.902503    -298.558209
     -87.895903     -12.546164
     -31.444439      64.160268
     131.721285    -187.394955
     -53.787635     -17.320408
      74.335317     131.622967
      58.989656    -112.898301
     124.158880      -3.973715
     131.377523    -192.135270
     -85.751888      -9.835079
      94.196598     115.143172
      66.266765    -178.800641
      70.899441    -225.164148
      -2.883710      -1.892347
     -23.891013      -4.869983
     129.439359     -77.774716
      87.710366    -346.070205
     -82.217919     -32.094429
      47.607878      19.537433
      50.101817      -7.076408
     -31.274916       7.873436
      88.112456    -349.117853
     -91.541699     -39.495751
    -124.735316     -72.610327
      24.785088     119.193084
      96.137686    -383.210848
    -107.381455     -53.508390
     131.235005    -165.158868
     131.807463    -156.518184
      84.939152    -327.068787
     -19.963187      78.246385
      84.583617    -326.233766
     -47.627120      44.639626
     130.330103    -236.595988
      97.251167    -386.329255
       4.677380     102.680804
      -0.444815      -6.279300
      93.487113    -373.407739
      -5.957403     -11.715711
      81.719371    -309.225538
      71.216883    -227.683612
      64.602010    -161.664072
     -96.358027     -43.158662
    -102.730162     -47.999058
     -10.872927      14.336290
     -22.308705       5.068915
     117.622844    -374.747299
      21.812051     118.071094
     119.983708    -363.738225
     110.707119    -399.589353
      55.805577     -75.030035
     121.468658    -349.296689
     128.003656    -273.368892
      61.243316    -134.471818
     -52.171327      37.984013
     104.836909      92.291383
      62.031248    -138.056802
      13.597777     -36.393193
      46.758526      33.598499
      55.323082     -69.266454
      40.390832       7.533279
     120.357858      25.848142
     -10.015408     -41.044043
     105.428395      91.552116
      -7.806415      91.378048
     125.237150    -310.349144
      34.865462     -13.276236
     -52.840151     -17.498398
     -78.487639       1.952400
     -29.401860     -10.306095
     126.922764    -293.390659
     -82.383042      -4.294704
     126.956334    -289.672789
     -33.247618      63.136875
      61.429490    -132.679771
      50.969573     132.786815
      48.321420       9.073191
      74.833448    -258.645055
      34.347604     126.070450
      37.175087      -7.673334
     -53.756691     -34.449358
      87.488619    -343.439470
      88.022608    -344.250582
      46.615466      38.065570
      71.981924    -229.902755
     -30.411288       3.109389
     113.178772      65.118106
      63.248199    -155.710738
     113.628940      64.282489
     -93.019218     -21.239645
     100.291349    -395.457263
     122.810865    -343.948496
     -11.331014      12.495580
     122.546399      13.471705
      87.683995    -340.890067
     127.016193     -39.248750
      53.935164     -54.876010
      58.303646    -103.572167
      66.938463    -191.848758
      82.172538     127.125175
      68.567124    -203.395261
      11.717810     109.850044
     -58.016721     -18.778558
      55.165678     -73.274054
     121.016866      24.820387
     -81.344695      -2.885031
     126.804078     -36.083281
       0.615242      15.219500
      49.237781      -3.484774
     -24.695183      -4.419976
     130.992779    -197.206711
     127.857667     -51.006148
      -2.271841      -2.662937
     -61.396746     -21.182670
     128.832344    -260.513037
     -98.844743     -29.785755
      86.906878    -338.814428
     -20.411700      16.294263
      62.641704    -151.040849
     130.459181    -221.282061
     130.564138    -103.135258
     -71.324574     -25.812665
     -14.206053      85.074211
     -23.412071       6.450374
      46.022678      38.736125
      99.434788     105.465211
     119.346918      35.334703
     128.380040    -271.581324
     130.566527    -106.575620
    -123.152124     -69.534277
     131.548555    -164.310477
     120.757218    -355.733312
      77.515396     129.748821
      65.293389    -171.368310
      43.186368      22.011101
      91.427211    -362.504106
       3.605241      13.668175
     123.756810       0.998257
      42.876930      24.755798
     127.093480    -288.706591
      73.324606    -242.135079
     -10.814496      -5.567100
      43.571909      30.605983
      -9.331960     -14.813546
      49.074884      -0.687532
     127.160136    -290.639768
    -101.799239     -47.068243
      98.542678     107.156338
     124.620454    -322.049240
     130.632198    -225.050429
    -129.595536     -75.743683
    -107.616911     -42.640594
     -83.681910     -32.942992
      70.356240     132.242290
     119.876968      29.195980
      81.726794    -307.601855
      95.339695    -380.508778
     103.124804      95.984215
      90.291315    -356.344641
     128.101782    -282.303433
      22.490590     118.720156
     -48.149150     -35.434490
     121.344553      22.701795
      69.934654    -218.213999
    -126.855469     -74.762451
     130.575140    -228.310103
      88.322937     122.109385
     127.147259     -31.648604
     -11.195022     -11.630728
     -19.247291     -11.232348
       8.707869     -38.114662
      52.215225     -32.263561
     122.234448      15.821185
     -82.691345     -32.877716
      50.577376     131.885438
       3.743327      -0.428376
      83.171486    -313.633948
    -102.991505     -34.868178
     -24.033466      -9.184108
     124.332187      -0.582746
      86.235603    -332.950774
     -87.134946     -12.062540
     -33.568046     -38.879746
      44.269853      32.155455
     -16.273728       8.485772
      98.349241     108.040878
      52.058059     -33.973758
     125.691096     -13.840775
     -13.454885     -40.877386
     112.467023      68.611513
      58.557997    -101.832652
     -22.476972     -40.351418
      53.456957     -45.585537
      97.430839    -385.432208
     125.290202      -8.710827
     131.352689    -195.666588
     -11.658829      -4.873434
     -42.974383      50.668739
     -36.994912     -38.088118
      65.160811    -170.416576
     -90.945851     -38.788917
     119.101536    -369.145444
     131.436516    -147.953867
       5.699345       8.338677
     -25.772576      14.952935
      67.068622    -187.950910
      81.500885    -303.294289
     -38.662908     -37.055804
      65.266689    -169.479270
      48.794100       8.305157
     -15.545328     -10.488788
     102.685631      98.755154
     -66.963409     -30.969467
      54.244054     -56.716665
     -62.283995     -21.603007
     128.727735    -263.271772
     -28.377377      -0.329894
     117.171332    -379.357574
      71.637437    -226.847005
     127.467130     -38.395476
     127.859430    -278.826078
     131.772974    -130.127563
     119.157376      33.720365
      71.455612    -230.680439
    -110.317642     -45.628986
     -34.561017     -11.391519
      38.013643      -4.172489
      72.258874    -231.885470
      96.287959    -384.127817
     125.313127     -16.674797
      48.875599       1.638353
      -1.415021      16.051716
      -8.474211      90.637369
      18.540926     115.652858
      55.879082     -77.018451
     124.984732      -6.338063
     122.799381       7.513689
      -9.660301      13.125736
     -30.434790      65.629617
      -8.822995      -8.295283
    -115.583003     -53.923494
      28.757909     -24.351257
      -0.312792      -7.190468
    -127.432387     -72.685312
     -10.585030      88.251343
     116.627687      49.847807
     120.224711    -357.594093
     -13.756714      -2.642291
      94.938985    -378.827932
      46.978628      27.973174
      62.896611    -149.474470
     126.047476     -17.235843
      92.633111    -370.066225
      71.678590    -233.648806
       1.566614     -40.397702
     127.316875     -40.878707
     -88.202637     -36.114949
     109.904073    -399.991265
      60.896785    -125.172647
      -8.829137     -14.040443
      95.310488    -377.904809
      -8.274837     -40.545329
     -41.045254     -13.179960
      57.913745     134.048831
