    8.99      7.64
    2.35     -9.52
    0.35     -3.12
   -8.90      3.88
   -0.90     -5.71
   -9.99     -3.67
    3.67     -3.28
    8.11     -7.94
   -9.62      0.38
    2.02      3.19
    7.83     -6.90
    0.71      5.62
   -6.85      9.78
    6.12     -9.09
   -3.03     -7.84
   -1.46     -8.50
    6.78     -6.35
    0.43     -6.85
    7.45      8.79
    5.04      9.37
    0.45      0.75
   -2.66      8.54
    1.46     -1.31
   -9.78     -9.80
    4.51     -9.26
   -1.65      2.48
   -5.18     -2.54
    6.20      9.15
   -9.16     -0.77
   -4.51     -0.00
   -8.98     -4.04
    1.69     -4.76
   -4.44      1.70
    2.12      3.96
   -9.48     -9.96
   -1.62     -0.51
    5.24      7.23
   -6.51     -6.78
   -5.08      9.31
    0.20      8.64
   -6.74     -3.37
   -5.59     -1.28
    3.16      8.17
    7.03      5.20
   -2.78      8.82
    5.05      8.45
   -9.58      3.79
    6.70      3.50
   -5.00      8.28
    6.70      3.17
    7.23     -7.66
   -8.65      3.60
    8.94     -3.95
    3.84     -1.11
    1.91      0.58
    9.35     -3.16
    1.01      8.46
    4.64     -9.48
    9.18      1.13
   -2.99      8.27
   -8.39      9.00
   -7.57      2.14
    6.66      4.44
   -4.84     -3.54
   -0.29     -6.69
    6.01      2.52
   -9.29      5.11
    7.18      0.01
    9.16     -7.37
   -2.56     -5.95
    1.07     -6.50
   -9.44    -10.00
    3.63      0.71
    7.07      1.44
   -6.37     -1.27
   -4.39      6.29
   -3.54     -9.53
   -7.10     -2.59
    4.57      4.13
   -6.65      3.74
    7.29      3.71
    6.71      0.45
    1.03      3.53
    9.06      0.19
    5.27     -4.97
    7.15     -1.61
   -3.33      6.80
   -0.20     -9.05
    0.54      5.43
   -9.55      6.26
    5.01      5.85
    3.05      7.62
    7.44     -5.13
   -4.55     -6.15
    2.56     -4.31
    7.06     -8.00
   -3.90      7.55
    2.74     -2.64
    2.57      9.67
    8.63      3.82
   -0.09     -6.38
    2.08      0.38
    1.77      2.66
    8.93     -2.27
   -9.43      6.55
   -9.85      8.98
   -9.05      8.00
   -0.48     -8.41
   -7.27      0.10
    6.14      2.27
    6.54     -4.73
    1.93     -5.74
    8.04      6.05
   -5.56      9.82
    6.46      5.26
    8.03     -6.84
    6.17      6.47
   -8.59      5.96
    5.89     -6.78
   -7.55      9.77
   -5.67     -0.93
   -9.66      6.91
   -0.08      4.98
   -7.07     -5.65
    8.48     -4.48
    4.40      5.24
   -8.79     -3.84
   -4.69     -9.31
   -4.43     -2.83
   -5.33     -7.40
    9.60      7.05
    5.32      3.25
   -8.49     -6.17
   -7.55      5.08
    6.27      2.91
    5.36     -9.68
    8.73     -0.84
   -0.48     -9.80
   -7.04      5.33
   -3.41      4.79
   -2.53     -5.58
   -2.60     -4.06
    9.44      4.51
   -8.36     -5.13
   -1.86      2.16
   -7.82      2.69
    4.31      3.23
    3.61      3.08
   -7.84      2.04
    9.85      6.67
   -4.66      4.66
    4.31      5.48
   -4.41     -4.84
   -7.09     -0.51
   -4.18      1.22
    6.70      9.18
   -6.18      9.09
   -9.06      4.57
   -8.62      7.73
   -6.08      1.25
    8.66      7.76
   -2.10     -3.18
    4.55      9.11
   -6.50     -1.25
    5.96     -2.31
    1.24     -5.18
    4.03      4.60
   -7.01      9.18
   -2.91     -6.56
    7.41     -9.07
    3.94      3.70
   -9.94      5.22
    1.29      7.55
    5.55      9.95
    9.91     -8.26
    2.59      5.42
   -4.09     -6.25
    5.60      8.74
   -1.21     -9.17
    5.30     -0.37
   -5.01      6.68
   -3.96      4.54
   -4.95     -2.99
    7.37      2.70
    6.31     -1.38
    2.56      2.57
   -5.55      1.84
   -7.07     -2.49
    9.83      5.24
    7.63     -9.04
    2.59      1.22
    5.47      2.28
   -6.40      8.11
    3.29     -6.87
    7.01     -1.30
    4.70     -6.30
   -1.25      1.98
   -8.88     -4.80
   -5.69      5.29
   -0.02      0.30
    8.76      1.46
   -2.51     -3.25
    2.24     -0.88
    8.22     -9.59
   -7.01     -0.59
    7.57     -6.95
    0.22      3.25
    2.85      2.75
    1.07      2.13
   -7.95     -7.97
    0.30      6.86
    7.07      2.76
    5.76      6.97
   -2.56      0.18
   -8.23     -7.14
    7.64      4.06
   -7.21     -2.35
   -6.57      1.23
    2.77     -7.84
   -8.24     -8.01
    0.32     -1.05
   -3.29     -7.24
   -7.57     -8.30
    6.71      7.86
    8.62     -6.88
   -8.79      6.82
   -9.01      6.13
   -6.54      6.66
    8.67     -0.27
   -0.44      7.57
   -0.27      2.20
    6.59      8.43
    1.66     -7.38
   -8.59      0.28
    7.48     -5.54
   -3.64      6.05
   -1.08     -1.30
   -4.86     -1.18
   -7.38      9.21
    7.71      4.39
    5.82     -1.92
   -5.71      7.68
   -3.15     -3.01
    1.25     -3.12
    4.26      8.28
   -2.27     -8.76
   -9.21      4.59
    8.80      1.83
    9.92      5.60
    6.75     -0.56
   -9.04     -8.62
    5.93     -7.41
   -6.20      6.57
    0.73      7.89
    7.44     -5.10
   -4.12      7.99
   -5.90      4.13
    5.98      3.53
   -4.79     -7.90
    9.27      2.05
   -5.18     -2.88
    5.41     -7.05
   -0.31     -1.39
   -7.69     -3.01
   -9.08     -5.95
    1.66      4.70
   -8.71      3.35
    3.97     -5.48
    7.01     -4.62
    3.93      0.54
    4.79      8.05
   -9.73      9.05
   -5.23     -4.93
   -8.56      1.00
    6.51      4.06
   -0.77      8.27
    1.06     -8.63
   -8.92     -1.38
   -1.62     -6.42
   -4.06     -9.10
    9.65      5.91
    2.77     -1.37
   -3.76     -4.99
    8.03      1.66
    8.73      3.95
   -1.21      1.87
    9.20      9.12
    8.73     -2.44
   -4.74      5.65
   -8.43      6.99
   -3.02      6.24
    4.13     -0.42
    9.29     -2.57
   -3.23      4.84
    1.13     -7.92
   -9.72     -0.47
    3.71      1.33
    2.86     -4.78
    2.86     -9.49
   -8.77     -0.62
   -4.09     -2.28
    3.50     -2.37
   -4.31      2.27
    6.53      0.92
   -8.30     -2.91
   -3.34      4.79
   -4.71     -0.33
   -9.92     -8.43
   -7.06     -4.69
   -9.11     -2.80
    4.41      8.39
    3.70      7.10
    0.52      7.00
   -2.47      9.38
   -4.83     -9.37
    2.24     -6.51
    7.72      5.62
   -5.81     -8.80
   -6.02      9.83
   -0.58     -7.08
   -1.43     -6.88
    6.83     -4.96
    4.32      7.40
   -1.26      1.97
    6.25     -8.86
   -7.47     -9.76
   -9.85      3.25
   -7.14     -1.80
    3.67     -3.19
    0.63     -6.02
    4.68     -1.69
   -0.45     -3.38
    4.37      8.54
    4.90      4.39
    8.00      5.48
    0.66      3.29
   -1.27     -1.66
    6.89     -3.55
    0.69     -2.47
   -8.83     -4.80
    0.09      4.87
   -6.39      3.36
   -5.41      5.68
   -7.63     -1.75
    8.73      7.36
    3.30      7.83
    3.31      6.62
    1.86     -0.61
    8.58     -0.86
    0.26      0.71
   -0.58      2.37
    9.03      7.33
    0.87      7.68
   -5.03      4.42
   -6.23      2.32
    1.14      9.19
   -5.94      4.43
   -7.42     -4.34
   -2.24      9.49
    5.63     -3.26
   -8.01      6.28
    4.89      9.14
    7.83      5.81
   -8.40     -3.08
   -2.26     -9.95
   -2.11     -7.49
    9.36      2.12
   -9.85      5.66
    3.90      1.33
   -3.57     -3.33
    7.76      8.54
    1.45     -6.23
    0.66     -3.37
   -2.73      7.71
   -6.78      3.08
    0.72      3.32
    9.99     -2.86
   -4.73      0.49
   -6.69      6.94
   -4.58     -3.25
   -9.89     -0.85
   -4.84      2.47
    8.61     -6.17
   -6.39     10.00
    8.26     -7.57
   -5.37      0.45
   -8.89      9.85
    7.47      3.30
    5.01     -7.23
    0.46     -2.27
   -8.46      9.41
   -2.13      1.94
    1.57     -3.02
   -6.64     -1.03
    4.91     -5.55
   -0.00      7.58
   -7.05      5.54
   -5.81      4.59
    0.81      0.49
    2.90      3.49
    7.01     -1.68
   -9.31     -8.79
   -9.96      3.14
    6.27      2.13
    1.62      2.96
    9.50     -7.20
    0.46      6.28
   -3.88     -3.81
    1.36     -7.77
   -2.83      6.46
    5.40     -9.62
    8.67     -7.35
    0.55     -9.95
    4.92     -7.81
    7.11      6.83
   -8.06     -9.50
    1.30     -1.41
   -0.34     -6.81
   -4.06      6.16
   -0.24     -0.71
   -7.08      3.52
   -5.18     -8.54
   -2.64      0.12
   -9.13      7.18
   -2.03      3.25
   -8.29      0.43
    7.03      9.96
   -9.51     -2.41
   -1.31      6.58
   -4.55     -6.77
    1.35     -2.10
    5.50      6.36
   -7.03      6.47
   -4.38      7.26
   -2.81      3.23
    8.08      4.66
    0.77     -0.24
   -3.35      2.17
   -2.74      0.33
   -6.36      7.57
    6.21      2.27
   -2.94      0.66
    6.39     -9.63
   -5.20     -9.29
    6.00      6.92
   -6.64      8.31
   -1.28      4.56
    2.68     -1.37
   -8.00     -9.62
   -7.42     -9.73
   -2.16      4.37
   -2.21      9.67
    0.01     -3.97
    6.63     -2.77
    2.76     -1.76
   -0.69      2.03
    5.78      2.53
    4.06     -7.06
    4.33     -2.32
   -2.25      8.49
   -3.83     -2.07
    2.99      7.09
    9.35     -4.70
    7.12     -7.13
    2.05      2.90
   -1.21     -1.22
   -2.64      8.73
   -2.93     -4.68
    0.74     -1.08
   -5.60     -4.89
    2.92     -9.58
   -7.33     -4.29
   -0.73      2.15
   -3.20     -8.07
    4.82      2.33
   -1.14      7.16
   -1.71      7.84
   -6.45      9.88
    5.22     -0.10
   -4.05     -4.50
    6.03     -0.42
    6.70     -6.14
   -8.46     -8.01
    7.38      8.53
    9.02      3.36
   -3.97      2.30
    2.28     -5.45
    1.48      9.96
    8.27     -8.20
    2.31      7.65
    8.98     -3.87
    1.08     -3.90
    9.98     -3.45
    2.94     -3.55
    3.76      5.28
    0.27      7.58
   -4.77      8.28
    6.21     -9.16
   -7.99     -0.54
    3.00      1.85
   -2.10      8.96
   -8.87      4.12
    0.92      7.58
   -9.88     -6.40
    4.16     -2.04
    9.09     -6.07
    8.56     -7.06
    5.87      0.01
    6.70     -3.14
   -3.85     -3.09
    5.70     -0.03
   -0.14      6.54
    1.34      1.35
   -1.99     -3.09
    9.76      1.11
   -3.89     -3.04
   -6.04      6.70
   -5.13      7.08
   -7.59     -3.48
   -9.71      4.36
    7.11      7.29
    4.79     -2.90
   -7.71     -2.74
   -0.68      1.29
    0.43      9.48
    0.81     -3.74
    0.85     -4.37
    7.91      9.65
   -7.54      6.32
    6.74     -7.47
    7.04      3.91
   -8.14     -7.82
   -0.30      6.67
    7.03      5.56
   -3.27      3.05
    5.33      5.12
    7.30     -4.12
    6.41      2.48
    1.27      8.97
   -2.71     -0.40
   -4.27     -8.45
   -1.17      6.56
    4.88      6.43
   -9.86     -9.00
   -1.29     -3.84
   -3.94     -3.61
   -9.60      9.85
    8.92     -0.23
   -5.03      5.23
   -9.56     -0.95
    2.47     -7.87
    7.43      3.76
   -8.51      7.12
   -5.56      2.04
   -4.18      8.76
    4.20     -0.36
   -8.42      4.10
    0.60     -9.91
   -6.02      5.60
   -4.94     -1.78
   -2.77     -9.10
    6.59      2.97
   -2.00      2.59
   -9.99     -4.50
   -5.94     -5.50
    3.61     -6.62
   -4.56      1.04
   -4.50     -0.36
   -1.97      6.53
    8.57      9.26
   -3.74     -2.01
   -8.04     -5.79
    9.86     -5.07
    9.00     -1.33
    0.34     -6.57
   -9.49      9.52
   -4.15     -4.07
   -9.59     -3.58
   -0.54      7.83
   -2.76     -3.54
   -9.19      5.83
    2.08     -1.38
    4.71      9.74
    9.63      0.47
   -6.68     -2.19
   -8.93     -0.86
   -7.49     -3.51
   -9.64      2.56
   -1.91     -9.12
   -4.09      5.96
   -8.54      6.01
   -0.00      2.23
    6.19     -8.49
   -9.41      0.32
    9.00     -9.56
    2.61     -9.73
   -0.99     -1.73
    1.76     -4.52
    7.83      6.79
   -8.42     -3.05
   -2.73      0.91
   -5.18      0.45
    6.26     -9.21
   -1.61     -1.14
   -1.35      8.70
    4.98      5.12
    5.11     -6.42
    1.37     -1.85
   -6.11      4.99
    8.87     -6.67
   -7.64     -7.95
   -4.38      0.63
   -4.96      9.18
    3.91      9.64
    8.60      9.17
    0.16     -0.14
    8.08     -6.78
   -6.68     -0.93
   -7.63     -0.83
   -7.61      0.48
   -1.35     -6.74
   -7.89     -9.98
    5.28      6.69
   -8.70     -5.99
   -7.22     -7.74
    9.53     -1.45
    1.34     -5.90
   -0.49      4.83
   -7.45      0.36
   -7.43      6.08
    3.66      3.64
    8.03      6.46
    3.67      8.06
    2.29     -6.79
    0.83     -7.85
    2.41     -1.01
   -3.20     -8.49
    7.77     -4.65
    2.65     -7.89
   -8.37     -1.47
   -8.95      9.54
    1.85     -7.78
    1.26     -6.33
    9.64      3.44
    8.17     -7.46
   -3.84     -5.42
   -9.07      8.39
    3.71      6.46
    2.80      6.32
   -7.04      2.13
   -9.86     -0.88
    4.80      8.68
   -8.59     -6.81
   -3.24     -9.73
   -4.21      5.50
    7.01      2.15
   -7.58      1.72
   -6.81      0.41
   -5.84      4.76
   -0.65      2.93
   -2.16      4.35
   -2.89     -8.35
    9.74     -6.86
   -8.66      1.04
    1.87      9.33
    5.72      2.63
   -4.88     -7.29
    9.89      6.40
   -4.04     -2.66
    0.01      1.50
   -8.73      1.16
   -1.27      2.44
    6.09      7.92
    8.75     -0.42
    4.61      1.83
   -8.90     -2.38
    8.10      0.07
   -9.50     -9.16
    6.42      3.69
   -2.21      5.15
   -9.36     -2.48
    7.23     -3.76
   -0.88      4.96
    6.78     -6.58
    4.02     -5.60
   -4.50     -0.81
    8.41     -7.80
    6.84     -4.10
    5.19     -2.85
    0.93     -8.95
   -6.95     -1.90
    7.09     -7.52
   -8.15      8.83
   -7.29      0.12
   -2.42      5.11
    1.99     -4.89
    1.28     -8.82
    1.40     -5.14
    1.63      5.88
   -2.02      2.04
    3.72      2.76
   -6.94     -7.60
   -8.30     -2.96
    8.26      7.33
   -5.19     -8.07
    2.82      1.70
    6.47      1.28
   -8.88     -6.01
   -5.27      8.41
    8.17      6.31
   -1.78     -8.79
   -6.12     -2.00
   -1.01      5.56
    8.69      6.79
    0.36     -6.22
   -0.76      8.43
   -6.36      4.88
   -7.13     -4.87
   -2.81     -0.73
    7.62      7.09
    7.36     -1.73
    1.53     -9.75
   -5.58     -8.68
    3.56      2.40
   -6.66      2.81
   -5.12     -2.13
    1.24     -5.26
    6.08      6.35
   -2.12     -7.72
   -5.87     -8.84
   -5.85     -2.14
    1.25     -4.37
   -0.51     -5.79
   -0.44     -9.72
   -0.38     -0.78
   -0.61     -0.43
   -8.20      5.62
    9.67     -5.56
   -8.03      7.21
   -8.42      0.56
    3.48     -7.02
   -7.93      6.58
   -1.47      1.42
   -2.43      2.11
    2.34     -0.06
    2.45     -3.40
   -3.81      7.99
    7.92     -9.88
    4.46     -1.23
   -9.66     -0.11
   -7.45     -1.61
    6.49      9.00
   -6.62     -7.59
    1.74     -6.32
    7.85      3.75
    6.81     -4.14
    5.89     -0.89
   -4.44     -6.06
    3.53     -6.67
    7.06     -6.39
   -9.50     -1.74
   -9.42      8.78
   -7.82      9.79
   -8.46     -9.72
    3.94     -2.21
   -4.34      6.77
    0.84     -8.69
   -7.34      2.96
   -3.68     -5.71
   -6.06      8.38
   -2.66      6.97
    3.73      8.74
    3.17      1.43
    6.14     -7.07
    8.02      1.21
    6.03      7.27
    0.10     -9.63
    7.22     -7.36
    4.82      2.77
   -0.63      2.13
   -3.20     -4.27
   -5.71      2.33
    3.59      0.53
   -6.79      3.32
    1.61      1.22
    3.97     -4.03
   -4.95     -4.98
   -5.69      5.67
    2.95      1.85
   -3.97     -0.19
    3.03      2.98
    8.90      6.40
   -4.57     -6.51
   -3.47      2.19
    3.52     -4.07
    7.15     -2.22
   -0.52     -1.41
   -8.92      1.73
    0.86      0.06
    5.31     -1.84
    7.60     -9.78
   -8.14      2.40
   -9.80     -2.49
   -2.00      5.83
    7.00      4.02
    5.20     -5.66
   -3.72     -1.32
    9.88      6.51
   -9.60     -4.39
   -7.77      8.72
   -9.10     -7.21
    2.30      0.40
    8.46     -0.00
   -4.21     -4.86
   -5.05     -3.77
    9.27     -6.86
   -9.91      3.40
    9.13      2.80
    4.53     -2.91
    3.70      3.66
    2.04      3.93
    9.10      4.81
    3.29     -6.00
   -4.01     -5.73
   -0.77      6.47
    6.52     -8.76
   -8.10      4.90
   -5.33     -9.45
   -1.37     -5.43
    9.34     -2.70
    3.88      7.21
   -7.36      0.81
   -3.27     -7.95
    9.01      8.78
    1.89      4.69
    1.20     -1.50
   -2.69      4.63
   -6.95      9.46
   -2.50      6.85
   -9.66      5.48
    7.40     -3.51
    6.43      1.75
   -8.21     -0.21
   -8.97      8.22
   -2.70      5.15
    9.36      1.33
    6.64      0.76
    3.74      1.21
    2.55     -7.04
    5.08      3.42
    2.19     -0.51
    6.28      1.91
    4.42      3.91
    4.03     -0.60
    0.53      5.59
   -1.44      0.97
   -2.21     -1.94
   -9.46     -6.69
    3.53     -8.21
    7.30     -4.98
    7.13      8.31
   -2.85     -3.58
   -8.52      1.78
   -0.40     -7.87
   -1.53      1.24
    9.77      7.15
    4.19      1.85
   -8.57     -5.79
    2.74      2.72
   -6.34     -2.54
    2.95      8.33
    5.23      5.17
   -6.48     -8.83
   -8.27     -5.97
    0.17      7.88
   -9.52      1.50
    5.65     -6.78
   -9.31      9.89
    0.73      3.79
   -0.28      3.60
    3.87     -3.44
    0.41     -6.32
   -9.79      8.86
   -7.31     -0.88
    6.54      5.22
    7.75     -7.76
   -4.45      9.02
    6.96      2.83
    0.79      1.83
    8.50     -4.68
   -8.01     -7.77
   -1.70      6.55
    9.96      3.17
    5.12     -5.96
    7.41     -5.99
    8.82     -2.31
   -8.82     -9.01
   -7.63     -1.02
   -1.49     -3.73
   -3.48     -4.15
    7.05     -5.55
    5.21     -8.04
    4.35      5.14
   -3.82     -1.91
   -8.06      4.54
    0.28      9.34
    3.90     -8.22
   -9.24      2.56
   -1.59      8.74
    8.18      6.69
    8.54      5.72
    2.07      3.39
   -7.45     -3.07
   -1.30     -7.86
   -2.83     -3.65
   -6.34      4.76
   -9.79      6.15
    1.38      5.82
   -6.15     -8.43
   -0.52     -8.86
   -5.38     -2.47
    4.23     -0.72
    1.04     -2.51
   -4.39     -8.02
    2.84      3.55
   -2.71     -9.48
   -6.64      0.26
    0.48      8.07
    9.70     -0.26
   -3.56      1.14
   -0.07     -8.97
   -9.56      8.96
    1.47      2.74
   -2.04     -4.75
    0.45     -5.44
    5.75      9.08
   -2.43     -1.82
   -1.54     -7.40
   -9.34      1.44
   -0.02     -0.01
    3.71      7.71
   -7.17     -8.73
   -6.69      4.42
   -7.55     -2.08
    1.97      2.50
    0.94      5.75
   -0.99     -1.92
    7.60      6.07
   -9.59      0.67
    0.84      0.01
    2.83     -1.95
    5.28     -8.97
    4.41      4.08
   -8.18      4.94
   -8.49      8.79
    8.52     -0.98
   -5.67     -5.66
   -7.17     -1.60
   -2.80      5.68
   -9.02      6.66
   -7.03     -6.15
   -3.13     -2.33
   -7.28      7.54
    3.18     -3.45
   -8.95      7.07
    5.32     -8.85
   -7.56     -5.25
    9.74     -0.52
    4.49     -1.63
    9.85     -2.65
    6.87      7.50
   -3.76     -3.53
   -0.96     -9.06
    5.18     -4.33
    1.29      1.36
   -9.52     -9.64
    1.03      2.32
    7.59      4.40
   -9.11     -1.28
    3.43     -2.56
   -8.24     -6.90
    4.37      7.87
   -1.81     -7.79
    0.00      9.51
   -4.93      4.60
    3.62      1.14
    8.92      7.85
   -6.21      7.17
    1.46      8.57
    4.73      6.35
   -1.47     -4.64
    7.82      5.41
    2.69      4.64
   -4.95     -0.72
    4.57      5.03
   -0.27     -5.93
   -6.91     -0.37
    0.84      7.90
   -5.94      7.63
    0.64      9.21
